0.0;0.0,0.0,0.0;1.0,0.0,0.0,0.0
0.041666666666666664;2.3717526346445084e-05,-2.171917230953113e-06,0.0;1.0,0.0,0.0,0.0
0.08333333333333333;9.819446131587029e-05,-1.0068314622913022e-05,0.0;1.0,0.0,0.0,0.0
0.125;0.00022245151922106743,-2.4982364266179502e-05,0.0;1.0,0.0,0.0,0.0
0.16666666666666666;0.0003993662539869547,-4.589193486026488e-05,0.0;1.0,0.0,0.0,0.0
0.20833333333333334;0.0006322669796645641,-7.020468183327466e-05,0.0;1.0,0.0,0.0,0.0
0.25;0.0009260098449885845,-0.00010150628804694861,0.0;1.0,0.0,0.0,0.0
0.2916666666666667;0.0012874184176325798,-0.00014295036089606583,0.0;1.0,0.0,0.0,0.0
0.3333333333333333;0.0017258287407457829,-0.00019162989337928593,0.0;1.0,0.0,0.0,0.0
0.375;0.002253731479868293,-0.0002502463466953486,0.0;1.0,0.0,0.0,0.0
0.4166666666666667;0.0028875151183456182,-0.00032061943784356117,0.0;1.0,0.0,0.0,0.0
0.4583333333333333;0.0036483099684119225,-0.0004050954303238541,0.0;1.0,0.0,0.0,0.0
0.5;0.004562941379845142,-0.0005066528101451695,0.0;1.0,0.0,0.0,0.0
0.5416666666666666;0.005664964206516743,-0.0006290175369940698,0.0;1.0,0.0,0.0,0.0
0.5833333333333334;0.006770076230168343,-0.0007517251069657505,0.0;1.0,0.0,0.0,0.0
0.625;0.007774205878376961,-0.000863220077008009,0.0;1.0,0.0,0.0,0.0
0.6666666666666666;0.008848059922456741,-0.0009824569569900632,0.0;1.0,0.0,0.0,0.0
0.7083333333333334;0.009991690516471863,-0.0011094416258856654,0.0;1.0,0.0,0.0,0.0
0.75;0.011205149814486504,-0.001244179904460907,0.0;1.0,0.0,0.0,0.0
0.7916666666666666;0.012488484382629395,-0.0013866767985746264,0.0;1.0,0.0,0.0,0.0
0.8333333333333334;0.013841748237609863,-0.0015369385946542025,0.0;1.0,0.0,0.0,0.0
0.875;0.01526498980820179,-0.00169497006572783,0.0;1.0,0.0,0.0,0.0
0.9166666666666666;0.016758248209953308,-0.0018607761012390256,0.0;1.0,0.0,0.0,0.0
0.9583333333333334;0.018321568146348,-0.0020343619398772717,0.0;1.0,0.0,0.0,0.0
1.0;0.019954990595579147,-0.0022157314233481884,0.0;1.0,0.0,0.0,0.0
1.0416666666666667;0.021658558398485184,-0.0024048893246799707,0.0;1.0,0.0,0.0,0.0
1.0833333333333333;0.02343231439590454,-0.002601840766146779,0.0;1.0,0.0,0.0,0.0
1.125;0.025276288390159607,-0.002806589473038912,0.0;1.0,0.0,0.0,0.0
1.1666666666666667;0.027190523222088814,-0.003019138937816024,0.0;1.0,0.0,0.0,0.0
1.2083333333333333;0.0291750431060791,-0.0032394928857684135,0.0;1.0,0.0,0.0,0.0
1.25;0.031229877844452858,-0.0034676543436944485,0.0;1.0,0.0,0.0,0.0
1.2916666666666667;0.033355001360177994,-0.0037041883915662766,0.0;1.0,0.0,0.0,0.0
1.3333333333333333;0.03554997593164444,-0.003952840343117714,0.0;1.0,0.0,0.0,0.0
1.375;0.037814170122146606,-0.0042191375978291035,0.0;1.0,0.0,0.0,0.0
1.4166666666666667;0.04014706611633301,-0.00450743455439806,0.0;1.0,0.0,0.0,0.0
1.4583333333333333;0.04254903644323349,-0.004815001972019672,0.0;1.0,0.0,0.0,0.0
1.5;0.0450206995010376,-0.005136764608323574,0.0;1.0,0.0,0.0,0.0
1.5416666666666667;0.04756249859929085,-0.005469250958412886,0.0;1.0,0.0,0.0,0.0
1.5833333333333333;0.05017456039786339,-0.00581168569624424,0.0;1.0,0.0,0.0,0.0
1.625;0.052856940776109695,-0.006163477897644043,0.0;1.0,0.0,0.0,0.0
1.6666666666666667;0.05560968443751335,-0.006524498108774424,0.0;1.0,0.0,0.0,0.0
1.7083333333333333;0.05843278765678406,-0.006894746329635382,0.0;1.0,0.0,0.0,0.0
1.75;0.061326295137405396,-0.00727422721683979,0.0;1.0,0.0,0.0,0.0
1.7916666666666667;0.06429014354944229,-0.007663064170628786,0.0;1.0,0.0,0.0,0.0
1.8333333333333333;0.0673239454627037,-0.008064309135079384,0.0;1.0,0.0,0.0,0.0
1.875;0.07042679935693741,-0.008484273217618465,0.0;1.0,0.0,0.0,0.0
1.9166666666666667;0.07359810918569565,-0.008927368558943272,0.0;1.0,0.0,0.0,0.0
1.9583333333333333;0.07683765888214111,-0.009394943714141846,0.0;1.0,0.0,0.0,0.0
2.0;0.08014585822820663,-0.009884216822683811,0.0;1.0,0.0,0.0,0.0
2.0416666666666665;0.0835237130522728,-0.010387788526713848,0.0;1.0,0.0,0.0,0.0
2.0833333333333335;0.08697174489498138,-0.010901929810643196,0.0;1.0,0.0,0.0,0.0
2.125;0.0904899388551712,-0.011426535435020924,0.0;1.0,0.0,0.0,0.0
2.1666666666666665;0.09407832473516464,-0.01196160726249218,0.0;1.0,0.0,0.0,0.0
2.2083333333333335;0.09773652255535126,-0.012509034015238285,0.0;1.0,0.0,0.0,0.0
2.25;0.10146304965019226,-0.013078534975647926,0.0;1.0,0.0,0.0,0.0
2.2916666666666665;0.1052568331360817,-0.013676748611032963,0.0;1.0,0.0,0.0,0.0
2.3333333333333335;0.10911834239959717,-0.014300450682640076,0.0;1.0,0.0,0.0,0.0
2.375;0.11304857581853867,-0.014943253248929977,0.0;1.0,0.0,0.0,0.0
2.4166666666666665;0.1170484721660614,-0.015598657540977001,0.0;1.0,0.0,0.0,0.0
2.4583333333333335;0.12111818790435791,-0.01626560278236866,0.0;1.0,0.0,0.0,0.0
2.5;0.12525731325149536,-0.016946343705058098,0.0;1.0,0.0,0.0,0.0
2.5416666666666665;0.12946487963199615,-0.01764637418091297,0.0;1.0,0.0,0.0,0.0
2.5833333333333335;0.13373932242393494,-0.018374735489487648,0.0;1.0,0.0,0.0,0.0
2.625;0.13808098435401917,-0.019129103049635887,0.0;1.0,0.0,0.0,0.0
2.6666666666666665;0.14249180257320404,-0.019897663965821266,0.0;1.0,0.0,0.0,0.0
2.7083333333333335;0.14697209000587463,-0.020678499713540077,0.0;1.0,0.0,0.0,0.0
2.75;0.15152136981487274,-0.021473649889230728,0.0;1.0,0.0,0.0,0.0
2.7916666666666665;0.15613895654678345,-0.022287223488092422,0.0;1.0,0.0,0.0,0.0
2.8333333333333335;0.16082409024238586,-0.023122722283005714,0.0;1.0,0.0,0.0,0.0
2.875;0.1655777096748352,-0.02397450990974903,0.0;1.0,0.0,0.0,0.0
2.9166666666666665;0.1704004853963852,-0.02483876422047615,0.0;1.0,0.0,0.0,0.0
2.9583333333333335;0.17529256641864777,-0.025714434683322906,0.0;1.0,0.0,0.0,0.0
3.0;0.18025407195091248,-0.026599686592817307,0.0;1.0,0.0,0.0,0.0
3.0416666666666665;0.18528489768505096,-0.027495255693793297,0.0;1.0,0.0,0.0,0.0
3.0833333333333335;0.19038476049900055,-0.028402138501405716,0.0;1.0,0.0,0.0,0.0
3.125;0.19555455446243286,-0.029315385967493057,0.0;1.0,0.0,0.0,0.0
3.1666666666666665;0.20079562067985535,-0.030225567519664764,0.0;1.0,0.0,0.0,0.0
3.2083333333333335;0.20610834658145905,-0.03113110363483429,0.0;1.0,0.0,0.0,0.0
3.25;0.21149073541164398,-0.032042086124420166,0.0;1.0,0.0,0.0,0.0
3.2916666666666665;0.21694472432136536,-0.0329461470246315,0.0;1.0,0.0,0.0,0.0
3.3333333333333335;0.22247330844402313,-0.03382414951920509,0.0;1.0,0.0,0.0,0.0
3.375;0.22807390987873077,-0.034691594541072845,0.0;1.0,0.0,0.0,0.0
3.4166666666666665;0.23374654352664948,-0.03554447740316391,0.0;1.0,0.0,0.0,0.0
3.4583333333333335;0.23949502408504486,-0.036356162279844284,0.0;1.0,0.0,0.0,0.0
3.5;0.24531732499599457,-0.03714008629322052,0.0;1.0,0.0,0.0,0.0
3.5416666666666665;0.25121262669563293,-0.03789494186639786,0.0;1.0,0.0,0.0,0.0
3.5833333333333335;0.2571861147880554,-0.03857741504907608,0.0;1.0,0.0,0.0,0.0
3.625;0.26323267817497253,-0.03922555223107338,0.0;1.0,0.0,0.0,0.0
3.6666666666666665;0.2693532109260559,-0.03982079029083252,0.0;1.0,0.0,0.0,0.0
3.7083333333333335;0.27555081248283386,-0.04032730683684349,0.0;1.0,0.0,0.0,0.0
3.75;0.2818202078342438,-0.04078972712159157,0.0;1.0,0.0,0.0,0.0
3.7916666666666665;0.288164883852005,-0.0411444827914238,0.0;1.0,0.0,0.0,0.0
3.8333333333333335;0.2945811152458191,-0.041435062885284424,0.0;1.0,0.0,0.0,0.0
3.875;0.30106836557388306,-0.04163540154695511,0.0;1.0,0.0,0.0,0.0
3.9166666666666665;0.3076261878013611,-0.04174145683646202,0.0;1.0,0.0,0.0,0.0
3.9583333333333335;0.3142521381378174,-0.04176252707839012,0.0;1.0,0.0,0.0,0.0
4.0;0.32094553112983704,-0.04166943207383156,0.0;1.0,0.0,0.0,0.0
4.041666666666667;0.32770392298698425,-0.041486870497465134,0.0;1.0,0.0,0.0,0.0
4.083333333333333;0.33452579379081726,-0.041178248822689056,0.0;1.0,0.0,0.0,0.0
4.125;0.34140875935554504,-0.040767524391412735,0.0;1.0,0.0,0.0,0.0
4.166666666666667;0.348351389169693,-0.040238164365291595,0.0;1.0,0.0,0.0,0.0
4.208333333333333;0.3553498685359955,-0.039584096521139145,0.0;1.0,0.0,0.0,0.0
4.25;0.3624046742916107,-0.03882129490375519,0.0;1.0,0.0,0.0,0.0
4.291666666666667;0.3695085644721985,-0.03790890425443649,0.0;1.0,0.0,0.0,0.0
4.333333333333333;0.3766646981239319,-0.03688826411962509,0.0;1.0,0.0,0.0,0.0
4.375;0.383862167596817,-0.03570188209414482,0.0;1.0,0.0,0.0,0.0
4.416666666666667;0.39110448956489563,-0.03438962996006012,0.0;1.0,0.0,0.0,0.0
4.458333333333333;0.398382306098938,-0.03291327878832817,0.0;1.0,0.0,0.0,0.0
4.5;0.4056953489780426,-0.03128768131136894,0.0;1.0,0.0,0.0,0.0
4.541666666666667;0.41303005814552307,-0.029470209032297134,0.0;1.0,0.0,0.0,0.0
4.583333333333333;0.42038610577583313,-0.027475910261273384,0.0;1.0,0.0,0.0,0.0
4.625;0.42773860692977905,-0.025235656648874283,0.0;1.0,0.0,0.0,0.0
4.666666666666667;0.43507805466651917,-0.022746093571186066,0.0;1.0,0.0,0.0,0.0
4.708333333333333;0.4423750042915344,-0.019950898364186287,0.0;1.0,0.0,0.0,0.0
4.75;0.44953975081443787,-0.016681212931871414,0.0;1.0,0.0,0.0,0.0
4.791666666666667;0.4564453065395355,-0.012782275676727295,0.0;1.0,0.0,0.0,0.0
4.833333333333333;0.4626389741897583,-0.00782084558159113,0.0;1.0,0.0,0.0,0.0
4.875;0.4666222035884857,-0.0011998461559414864,0.0;1.0,0.0,0.0,0.0
4.916666666666667;0.4654228389263153,0.006211302243173122,0.0;1.0,0.0,0.0,0.0
4.958333333333333;0.45995283126831055,0.012055148370563984,0.0;1.0,0.0,0.0,0.0
5.0;0.4529953896999359,0.016439853236079216,0.0;1.0,0.0,0.0,0.0
5.041666666666667;0.44545456767082214,0.019946295768022537,0.0;1.0,0.0,0.0,0.0
5.083333333333333;0.4376121461391449,0.022910913452506065,0.0;1.0,0.0,0.0,0.0
5.125;0.42957425117492676,0.02550927922129631,0.0;1.0,0.0,0.0,0.0
5.166666666666667;0.4213901460170746,0.02784227579832077,0.0;1.0,0.0,0.0,0.0
5.208333333333333;0.41307884454727173,0.029942283406853676,0.0;1.0,0.0,0.0,0.0
5.25;0.404651403427124,0.031820278614759445,0.0;1.0,0.0,0.0,0.0
5.291666666666667;0.3961262106895447,0.03353346884250641,0.0;1.0,0.0,0.0,0.0
5.333333333333333;0.3875044882297516,0.035064104944467545,0.0;1.0,0.0,0.0,0.0
5.375;0.37879514694213867,0.03643946722149849,0.0;1.0,0.0,0.0,0.0
5.416666666666667;0.37000060081481934,0.03765175864100456,0.0;1.0,0.0,0.0,0.0
5.458333333333333;0.36112576723098755,0.038711097091436386,0.0;1.0,0.0,0.0,0.0
5.5;0.3521728217601776,0.03960738703608513,0.0;1.0,0.0,0.0,0.0
5.541666666666667;0.34314650297164917,0.040353186428546906,0.0;1.0,0.0,0.0,0.0
5.583333333333333;0.3340478837490082,0.04092331603169441,0.0;1.0,0.0,0.0,0.0
5.625;0.32488203048706055,0.04134024679660797,0.0;1.0,0.0,0.0,0.0
5.666666666666667;0.3156510293483734,0.04156968370079994,0.0;1.0,0.0,0.0,0.0
5.708333333333333;0.3063589632511139,0.04163152724504471,0.0;1.0,0.0,0.0,0.0
5.75;0.29700982570648193,0.04149525985121727,0.0;1.0,0.0,0.0,0.0
5.791666666666667;0.2876076400279999,0.04117264971137047,0.0;1.0,0.0,0.0,0.0
5.833333333333333;0.27815818786621094,0.04062836244702339,0.0;1.0,0.0,0.0,0.0
5.875;0.26866614818573,0.0398731604218483,0.0;1.0,0.0,0.0,0.0
5.916666666666667;0.25913894176483154,0.038880109786987305,0.0;1.0,0.0,0.0,0.0
5.958333333333333;0.24958477914333344,0.03763337805867195,0.0;1.0,0.0,0.0,0.0
6.0;0.240008145570755,0.03614842891693115,0.0;1.0,0.0,0.0,0.0
6.041666666666667;0.2304275631904602,0.03435659408569336,0.0;1.0,0.0,0.0,0.0
6.083333333333333;0.22084535658359528,0.03229261934757233,0.0;1.0,0.0,0.0,0.0
6.125;0.21127329766750336,0.029939480125904083,0.0;1.0,0.0,0.0,0.0
6.166666666666667;0.20173481106758118,0.027246439829468727,0.0;1.0,0.0,0.0,0.0
6.208333333333333;0.19222921133041382,0.02425350248813629,0.0;1.0,0.0,0.0,0.0
6.25;0.18277211487293243,0.020943202078342438,0.0;1.0,0.0,0.0,0.0
6.291666666666667;0.1733761727809906,0.017312156036496162,0.0;1.0,0.0,0.0,0.0
6.333333333333333;0.16404257714748383,0.01338381227105856,0.0;1.0,0.0,0.0,0.0
6.375;0.1547844558954239,0.009151751175522804,0.0;1.0,0.0,0.0,0.0
6.416666666666667;0.14560522139072418,0.004630375653505325,0.0;1.0,0.0,0.0,0.0
6.458333333333333;0.13650444149971008,-0.00015921867452561855,0.0;1.0,0.0,0.0,0.0
6.5;0.12748301029205322,-0.005203851964324713,0.0;1.0,0.0,0.0,0.0
6.541666666666667;0.1185469776391983,-0.010500685311853886,0.0;1.0,0.0,0.0,0.0
6.583333333333333;0.10970667004585266,-0.016051841899752617,0.0;1.0,0.0,0.0,0.0
6.625;0.1009492352604866,-0.021824931725859642,0.0;1.0,0.0,0.0,0.0
6.666666666666667;0.09227698296308517,-0.027813831344246864,0.0;1.0,0.0,0.0,0.0
6.708333333333333;0.08369506895542145,-0.03401736915111542,0.0;1.0,0.0,0.0,0.0
6.75;0.07521102577447891,-0.04043533653020859,0.0;1.0,0.0,0.0,0.0
6.791666666666667;0.06682279706001282,-0.047057632356882095,0.0;1.0,0.0,0.0,0.0
6.833333333333333;0.05854762718081474,-0.05389723554253578,0.0;1.0,0.0,0.0,0.0
6.875;0.05041306093335152,-0.060976143926382065,0.0;1.0,0.0,0.0,0.0
6.916666666666667;0.042442724108695984,-0.068309485912323,0.0;1.0,0.0,0.0,0.0
6.958333333333333;0.03469834849238396,-0.07594762742519379,0.0;1.0,0.0,0.0,0.0
7.0;0.027303969487547874,-0.08398664742708206,0.0;1.0,0.0,0.0,0.0
7.041666666666667;0.02043391950428486,-0.09253180027008057,0.0;1.0,0.0,0.0,0.0
7.083333333333333;0.014503033831715584,-0.10179376602172852,0.0;1.0,0.0,0.0,0.0
7.125;0.010080362670123577,-0.11189224570989609,0.0;1.0,0.0,0.0,0.0
7.166666666666667;0.007869113236665726,-0.12271761894226074,0.0;1.0,0.0,0.0,0.0
7.208333333333333;0.008532760664820671,-0.13374581933021545,0.0;1.0,0.0,0.0,0.0
7.25;0.013056745752692223,-0.1437598168849945,0.0;1.0,0.0,0.0,0.0
7.291666666666667;0.02149372734129429,-0.1508772224187851,0.0;1.0,0.0,0.0,0.0
7.333333333333333;0.03194859251379967,-0.1549491286277771,0.0;1.0,0.0,0.0,0.0
7.375;0.043045807629823685,-0.15713095664978027,0.0;1.0,0.0,0.0,0.0
7.416666666666667;0.054349880665540695,-0.1582958847284317,0.0;1.0,0.0,0.0,0.0
7.458333333333333;0.06574279814958572,-0.15889742970466614,0.0;1.0,0.0,0.0,0.0
7.5;0.07718854397535324,-0.159235417842865,0.0;1.0,0.0,0.0,0.0
7.541666666666667;0.08867833763360977,-0.15947246551513672,0.0;1.0,0.0,0.0,0.0
7.583333333333333;0.10020683705806732,-0.15975844860076904,0.0;1.0,0.0,0.0,0.0
7.625;0.1117694079875946,-0.16021738946437836,0.0;1.0,0.0,0.0,0.0
7.666666666666667;0.12335743755102158,-0.16093401610851288,0.0;1.0,0.0,0.0,0.0
7.708333333333333;0.13495883345603943,-0.1619836688041687,0.0;1.0,0.0,0.0,0.0
7.75;0.14654630422592163,-0.16349752247333527,0.0;1.0,0.0,0.0,0.0
7.791666666666667;0.15809759497642517,-0.16549433767795563,0.0;1.0,0.0,0.0,0.0
7.833333333333333;0.16955961287021637,-0.16812188923358917,0.0;1.0,0.0,0.0,0.0
7.875;0.18087193369865417,-0.17145617306232452,0.0;1.0,0.0,0.0,0.0
7.916666666666667;0.19195985794067383,-0.17557492852210999,0.0;1.0,0.0,0.0,0.0
7.958333333333333;0.20269694924354553,-0.1806161254644394,0.0;1.0,0.0,0.0,0.0
8.0;0.21294426918029785,-0.18665258586406708,0.0;1.0,0.0,0.0,0.0
8.041666666666666;0.2225426286458969,-0.19373032450675964,0.0;1.0,0.0,0.0,0.0
8.083333333333334;0.23117442429065704,-0.20200303196907043,0.0;1.0,0.0,0.0,0.0
8.125;0.23860949277877808,-0.21139825880527496,0.0;1.0,0.0,0.0,0.0
8.166666666666666;0.24456483125686646,-0.22182533144950867,0.0;1.0,0.0,0.0,0.0
8.208333333333334;0.24879291653633118,-0.23309680819511414,0.0;1.0,0.0,0.0,0.0
8.25;0.2511533796787262,-0.24493534862995148,0.0;1.0,0.0,0.0,0.0
8.291666666666666;0.25163307785987854,-0.2570325434207916,0.0;1.0,0.0,0.0,0.0
8.333333333333334;0.25032609701156616,-0.2691039741039276,0.0;1.0,0.0,0.0,0.0
8.375;0.2473975121974945,-0.2809232175350189,0.0;1.0,0.0,0.0,0.0
8.416666666666666;0.24304240942001343,-0.2923314869403839,0.0;1.0,0.0,0.0,0.0
8.458333333333334;0.23743796348571777,-0.3032171428203583,0.0;1.0,0.0,0.0,0.0
8.5;0.2307363748550415,-0.3135022819042206,0.0;1.0,0.0,0.0,0.0
8.541666666666666;0.2244063764810562,-0.32131779193878174,0.0;1.0,0.0,0.0,0.0
8.583333333333334;0.2298085242509842,-0.31370046734809875,0.0;1.0,0.0,0.0,0.0
8.625;0.23667946457862854,-0.30342304706573486,0.0;1.0,0.0,0.0,0.0
8.666666666666666;0.24275952577590942,-0.2926332354545593,0.0;1.0,0.0,0.0,0.0
8.708333333333334;0.24780823290348053,-0.2812986969947815,0.0;1.0,0.0,0.0,0.0
8.75;0.25153350830078125,-0.26944202184677124,0.0;1.0,0.0,0.0,0.0
8.791666666666666;0.25361424684524536,-0.25717100501060486,0.0;1.0,0.0,0.0,0.0
8.833333333333334;0.2537391781806946,-0.2447117418050766,0.0;1.0,0.0,0.0,0.0
8.875;0.251657098531723,-0.23241201043128967,0.0;1.0,0.0,0.0,0.0
8.916666666666666;0.24730266630649567,-0.2207011878490448,0.0;1.0,0.0,0.0,0.0
8.958333333333334;0.24085204303264618,-0.20997050404548645,0.0;1.0,0.0,0.0,0.0
9.0;0.23266373574733734,-0.20045645534992218,0.0;1.0,0.0,0.0,0.0
9.041666666666666;0.2231101244688034,-0.19226829707622528,0.0;1.0,0.0,0.0,0.0
9.083333333333334;0.21255257725715637,-0.18537871539592743,0.0;1.0,0.0,0.0,0.0
9.125;0.20132088661193848,-0.17960089445114136,0.0;1.0,0.0,0.0,0.0
9.166666666666666;0.18955551087856293,-0.17494560778141022,0.0;1.0,0.0,0.0,0.0
9.208333333333334;0.1774456650018692,-0.17120963335037231,0.0;1.0,0.0,0.0,0.0
9.25;0.16507026553153992,-0.16838747262954712,0.0;1.0,0.0,0.0,0.0
9.291666666666666;0.1525222808122635,-0.16636013984680176,0.0;1.0,0.0,0.0,0.0
9.333333333333334;0.13985855877399445,-0.1650756597518921,0.0;1.0,0.0,0.0,0.0
9.375;0.12712597846984863,-0.16451188921928406,0.0;1.0,0.0,0.0,0.0
9.416666666666666;0.11436618119478226,-0.16463890671730042,0.0;1.0,0.0,0.0,0.0
9.458333333333334;0.10161429643630981,-0.16541486978530884,0.0;1.0,0.0,0.0,0.0
9.5;0.08890846371650696,-0.16688089072704315,0.0;1.0,0.0,0.0,0.0
9.541666666666666;0.07629904896020889,-0.16909465193748474,0.0;1.0,0.0,0.0,0.0
9.583333333333334;0.06383437663316727,-0.1720675379037857,0.0;1.0,0.0,0.0,0.0
9.625;0.05163981020450592,-0.17603155970573425,0.0;1.0,0.0,0.0,0.0
9.666666666666666;0.03987635672092438,-0.1811448037624359,0.0;1.0,0.0,0.0,0.0
9.708333333333334;0.02892780676484108,-0.18781982362270355,0.0;1.0,0.0,0.0,0.0
9.75;0.019520355388522148,-0.19650334119796753,0.0;1.0,0.0,0.0,0.0
9.791666666666666;0.012630075216293335,-0.20727509260177612,0.0;1.0,0.0,0.0,0.0
9.833333333333334;0.008713941089808941,-0.21949370205402374,0.0;1.0,0.0,0.0,0.0
9.875;0.006956835277378559,-0.23224768042564392,0.0;1.0,0.0,0.0,0.0
9.916666666666666;0.006360492669045925,-0.24512994289398193,0.0;1.0,0.0,0.0,0.0
9.958333333333334;0.006360300350934267,-0.2580376863479614,0.0;1.0,0.0,0.0,0.0
10.0;0.0068338834680616856,-0.2709423303604126,0.0;1.0,0.0,0.0,0.0
10.041666666666666;0.007961569353938103,-0.2838096618652344,0.0;1.0,0.0,0.0,0.0
10.083333333333334;0.010015544481575489,-0.2965645492076874,0.0;1.0,0.0,0.0,0.0
10.125;0.013195846229791641,-0.3090876638889313,0.0;1.0,0.0,0.0,0.0
10.166666666666666;0.017691735178232193,-0.3212018609046936,0.0;1.0,0.0,0.0,0.0
10.208333333333334;0.023538395762443542,-0.3327249586582184,0.0;1.0,0.0,0.0,0.0
10.25;0.030732810497283936,-0.34346073865890503,0.0;1.0,0.0,0.0,0.0
10.291666666666666;0.03914967551827431,-0.35327237844467163,0.0;1.0,0.0,0.0,0.0
10.333333333333334;0.048572540283203125,-0.362129807472229,0.0;1.0,0.0,0.0,0.0
10.375;0.05877203866839409,-0.3700881004333496,0.0;1.0,0.0,0.0,0.0
10.416666666666666;0.06957987695932388,-0.3772050738334656,0.0;1.0,0.0,0.0,0.0
10.458333333333334;0.08085103332996368,-0.38356664776802063,0.0;1.0,0.0,0.0,0.0
10.5;0.09245049208402634,-0.38930702209472656,0.0;1.0,0.0,0.0,0.0
10.541666666666666;0.10432560741901398,-0.3944512605667114,0.0;1.0,0.0,0.0,0.0
10.583333333333334;0.11639586836099625,-0.3991156816482544,0.0;1.0,0.0,0.0,0.0
10.625;0.12863489985466003,-0.40330860018730164,0.0;1.0,0.0,0.0,0.0
10.666666666666666;0.14099764823913574,-0.4071107506752014,0.0;1.0,0.0,0.0,0.0
10.708333333333334;0.15346847474575043,-0.4105280637741089,0.0;1.0,0.0,0.0,0.0
10.75;0.16601675748825073,-0.4136301875114441,0.0;1.0,0.0,0.0,0.0
10.791666666666666;0.1786317676305771,-0.4164244532585144,0.0;1.0,0.0,0.0,0.0
10.833333333333334;0.19128933548927307,-0.41899025440216064,0.0;1.0,0.0,0.0,0.0
10.875;0.20396994054317474,-0.42140570282936096,0.0;1.0,0.0,0.0,0.0
10.916666666666666;0.21664376556873322,-0.4238152801990509,0.0;1.0,0.0,0.0,0.0
10.958333333333334;0.22922895848751068,-0.42659467458724976,0.0;1.0,0.0,0.0,0.0
11.0;0.24041201174259186,-0.43187201023101807,0.0;1.0,0.0,0.0,0.0
11.041666666666666;0.2405490279197693,-0.44320791959762573,0.0;1.0,0.0,0.0,0.0
11.083333333333334;0.23451118171215057,-0.454547256231308,0.0;1.0,0.0,0.0,0.0
11.125;0.2282058298587799,-0.46574875712394714,0.0;1.0,0.0,0.0,0.0
11.166666666666666;0.22273129224777222,-0.47734886407852173,0.0;1.0,0.0,0.0,0.0
11.208333333333334;0.21946783363819122,-0.48969385027885437,0.0;1.0,0.0,0.0,0.0
11.25;0.2197006791830063,-0.502419114112854,0.0;1.0,0.0,0.0,0.0
11.291666666666666;0.2234184741973877,-0.5146023035049438,0.0;1.0,0.0,0.0,0.0
11.333333333333334;0.22975663840770721,-0.5256671905517578,0.0;1.0,0.0,0.0,0.0
11.375;0.23782768845558167,-0.5355535745620728,0.0;1.0,0.0,0.0,0.0
11.416666666666666;0.24463456869125366,-0.5455822348594666,0.0;1.0,0.0,0.0,0.0
11.458333333333334;0.23704944550991058,-0.5523561239242554,0.0;1.0,0.0,0.0,0.0
11.5;0.22448517382144928,-0.554244875907898,0.0;1.0,0.0,0.0,0.0
11.541666666666666;0.21180576086044312,-0.5551804900169373,0.0;1.0,0.0,0.0,0.0
11.583333333333334;0.19911940395832062,-0.5557379126548767,0.0;1.0,0.0,0.0,0.0
11.625;0.18644338846206665,-0.5560882687568665,0.0;1.0,0.0,0.0,0.0
11.666666666666666;0.17378269135951996,-0.5563057065010071,0.0;1.0,0.0,0.0,0.0
11.708333333333334;0.16113972663879395,-0.556442379951477,0.0;1.0,0.0,0.0,0.0
11.75;0.14851628243923187,-0.5565259456634521,0.0;1.0,0.0,0.0,0.0
11.791666666666666;0.13591283559799194,-0.5565828680992126,0.0;1.0,0.0,0.0,0.0
11.833333333333334;0.12333016842603683,-0.5566482543945312,0.0;1.0,0.0,0.0,0.0
11.875;0.11077003180980682,-0.5567671060562134,0.0;1.0,0.0,0.0,0.0
11.916666666666666;0.09823381155729294,-0.5570095777511597,0.0;1.0,0.0,0.0,0.0
11.958333333333334;0.0857265368103981,-0.5574780702590942,0.0;1.0,0.0,0.0,0.0
12.0;0.07326575368642807,-0.5583438873291016,0.0;1.0,0.0,0.0,0.0
12.041666666666666;0.0608895905315876,-0.5598252415657043,0.0;1.0,0.0,0.0,0.0
12.083333333333334;0.04870227351784706,-0.5622873902320862,0.0;1.0,0.0,0.0,0.0
12.125;0.036944884806871414,-0.5662042498588562,0.0;1.0,0.0,0.0,0.0
12.166666666666666;0.026175402104854584,-0.5722184181213379,0.0;1.0,0.0,0.0,0.0
12.208333333333334;0.0173990149050951,-0.580801784992218,0.0;1.0,0.0,0.0,0.0
12.25;0.011612413451075554,-0.5915839076042175,0.0;1.0,0.0,0.0,0.0
12.291666666666666;0.009341798722743988,-0.6035803556442261,0.0;1.0,0.0,0.0,0.0
12.333333333333334;0.010616893880069256,-0.6157012581825256,0.0;1.0,0.0,0.0,0.0
12.375;0.015448683872818947,-0.6268575191497803,0.0;1.0,0.0,0.0,0.0
12.416666666666666;0.023151570931077003,-0.6362443566322327,0.0;1.0,0.0,0.0,0.0
12.458333333333334;0.03281804919242859,-0.6435974836349487,0.0;1.0,0.0,0.0,0.0
12.5;0.04358631372451782,-0.6492059826850891,0.0;1.0,0.0,0.0,0.0
12.541666666666666;0.054905835539102554,-0.6535526514053345,0.0;1.0,0.0,0.0,0.0
12.583333333333334;0.06651285290718079,-0.6569756269454956,0.0;1.0,0.0,0.0,0.0
12.625;0.07823549211025238,-0.6598619222640991,0.0;1.0,0.0,0.0,0.0
12.666666666666666;0.0899968296289444,-0.6624442934989929,0.0;1.0,0.0,0.0,0.0
12.708333333333334;0.10174034535884857,-0.6649512052536011,0.0;1.0,0.0,0.0,0.0
12.75;0.11343241482973099,-0.6675400137901306,0.0;1.0,0.0,0.0,0.0
12.791666666666666;0.12504050135612488,-0.6703389883041382,0.0;1.0,0.0,0.0,0.0
12.833333333333334;0.13653387129306793,-0.6734387874603271,0.0;1.0,0.0,0.0,0.0
12.875;0.14786380529403687,-0.6769766807556152,0.0;1.0,0.0,0.0,0.0
12.916666666666666;0.15899758040905,-0.6809840202331543,0.0;1.0,0.0,0.0,0.0
12.958333333333334;0.16986098885536194,-0.685580313205719,0.0;1.0,0.0,0.0,0.0
13.0;0.18040308356285095,-0.690785825252533,0.0;1.0,0.0,0.0,0.0
13.041666666666666;0.19052910804748535,-0.6966865062713623,0.0;1.0,0.0,0.0,0.0
13.083333333333334;0.2002018690109253,-0.7032347917556763,0.0;1.0,0.0,0.0,0.0
13.125;0.20928031206130981,-0.71052485704422,0.0;1.0,0.0,0.0,0.0
13.166666666666666;0.21773186326026917,-0.7184715270996094,0.0;1.0,0.0,0.0,0.0
13.208333333333334;0.2254435420036316,-0.7270867228507996,0.0;1.0,0.0,0.0,0.0
13.25;0.23224391043186188,-0.7363870143890381,0.0;1.0,0.0,0.0,0.0
13.291666666666666;0.23799622058868408,-0.746320903301239,0.0;1.0,0.0,0.0,0.0
13.333333333333334;0.2425469607114792,-0.7568104267120361,0.0;1.0,0.0,0.0,0.0
13.375;0.24571362137794495,-0.7677509188652039,0.0;1.0,0.0,0.0,0.0
13.416666666666666;0.24731427431106567,-0.7789830565452576,0.0;1.0,0.0,0.0,0.0
13.458333333333334;0.24718770384788513,-0.790283203125,0.0;1.0,0.0,0.0,0.0
13.5;0.24536381661891937,-0.8013904690742493,0.0;1.0,0.0,0.0,0.0
13.541666666666666;0.24196085333824158,-0.8120779991149902,0.0;1.0,0.0,0.0,0.0
13.583333333333334;0.23717619478702545,-0.8221790194511414,0.0;1.0,0.0,0.0,0.0
13.625;0.23123402893543243,-0.831601083278656,0.0;1.0,0.0,0.0,0.0
13.666666666666666;0.2243703454732895,-0.8403227925300598,0.0;1.0,0.0,0.0,0.0
13.708333333333334;0.2168261557817459,-0.8484055399894714,0.0;1.0,0.0,0.0,0.0
13.75;0.20876531302928925,-0.8559094071388245,0.0;1.0,0.0,0.0,0.0
13.791666666666666;0.20030935108661652,-0.8628959655761719,0.0;1.0,0.0,0.0,0.0
13.833333333333334;0.19153285026550293,-0.869398832321167,0.0;1.0,0.0,0.0,0.0
13.875;0.1825168877840042,-0.8754836916923523,0.0;1.0,0.0,0.0,0.0
13.916666666666666;0.17411021888256073,-0.8806992173194885,0.0;1.0,0.0,0.0,0.0
13.958333333333334;0.17896711826324463,-0.8776455521583557,0.0;1.0,0.0,0.0,0.0
14.0;0.18796150386333466,-0.8718434572219849,0.0;1.0,0.0,0.0,0.0
14.041666666666666;0.1967235505580902,-0.865726888179779,0.0;1.0,0.0,0.0,0.0
14.083333333333334;0.20515885949134827,-0.8592479825019836,0.0;1.0,0.0,0.0,0.0
14.125;0.21319834887981415,-0.8523611426353455,0.0;1.0,0.0,0.0,0.0
14.166666666666666;0.22071723639965057,-0.8449835181236267,0.0;1.0,0.0,0.0,0.0
14.208333333333334;0.22759318351745605,-0.8370741009712219,0.0;1.0,0.0,0.0,0.0
14.25;0.233680859208107,-0.8286082744598389,0.0;1.0,0.0,0.0,0.0
14.291666666666666;0.23876361548900604,-0.8195664882659912,0.0;1.0,0.0,0.0,0.0
14.333333333333334;0.2426617294549942,-0.8100141882896423,0.0;1.0,0.0,0.0,0.0
14.375;0.24528111517429352,-0.800089418888092,0.0;1.0,0.0,0.0,0.0
14.416666666666666;0.24648615717887878,-0.789951503276825,0.0;1.0,0.0,0.0,0.0
14.458333333333334;0.2462528645992279,-0.779794454574585,0.0;1.0,0.0,0.0,0.0
14.5;0.24469484388828278,-0.7698087692260742,0.0;1.0,0.0,0.0,0.0
14.541666666666666;0.24191339313983917,-0.7601462006568909,0.0;1.0,0.0,0.0,0.0
14.583333333333334;0.23804202675819397,-0.7509198188781738,0.0;1.0,0.0,0.0,0.0
14.625;0.2332342565059662,-0.7422035932540894,0.0;1.0,0.0,0.0,0.0
14.666666666666666;0.2276429682970047,-0.7340312004089355,0.0;1.0,0.0,0.0,0.0
14.708333333333334;0.2214074581861496,-0.726408064365387,0.0;1.0,0.0,0.0,0.0
14.75;0.2146458774805069,-0.7193210124969482,0.0;1.0,0.0,0.0,0.0
14.791666666666666;0.2074538916349411,-0.7127492427825928,0.0;1.0,0.0,0.0,0.0
14.833333333333334;0.19988669455051422,-0.7067009806632996,0.0;1.0,0.0,0.0,0.0
14.875;0.1919993907213211,-0.7011732459068298,0.0;1.0,0.0,0.0,0.0
14.916666666666666;0.18387603759765625,-0.6961047053337097,0.0;1.0,0.0,0.0,0.0
14.958333333333334;0.17554287612438202,-0.6915008425712585,0.0;1.0,0.0,0.0,0.0
15.0;0.16701313853263855,-0.6874058246612549,0.0;1.0,0.0,0.0,0.0
15.041666666666666;0.15834924578666687,-0.6837471127510071,0.0;1.0,0.0,0.0,0.0
15.083333333333334;0.14956535398960114,-0.6805502772331238,0.0;1.0,0.0,0.0,0.0
15.125;0.14067359268665314,-0.6778614521026611,0.0;1.0,0.0,0.0,0.0
15.166666666666666;0.13172003626823425,-0.6756172180175781,0.0;1.0,0.0,0.0,0.0
15.208333333333334;0.12271565943956375,-0.6738741993904114,0.0;1.0,0.0,0.0,0.0
15.25;0.11368361115455627,-0.672675609588623,0.0;1.0,0.0,0.0,0.0
15.291666666666666;0.10465684533119202,-0.6719902753829956,0.0;1.0,0.0,0.0,0.0
15.333333333333334;0.09566528350114822,-0.6718674302101135,0.0;1.0,0.0,0.0,0.0
15.375;0.08675131946802139,-0.6724233031272888,0.0;1.0,0.0,0.0,0.0
15.416666666666666;0.07797052711248398,-0.6736635565757751,0.0;1.0,0.0,0.0,0.0
15.458333333333334;0.06939096748828888,-0.675638735294342,0.0;1.0,0.0,0.0,0.0
15.5;0.061104316264390945,-0.6784202456474304,0.0;1.0,0.0,0.0,0.0
15.541666666666666;0.053229961544275284,-0.682066023349762,0.0;1.0,0.0,0.0,0.0
15.583333333333334;0.04590808227658272,-0.6866024136543274,0.0;1.0,0.0,0.0,0.0
15.625;0.039283569902181625,-0.6920095086097717,0.0;1.0,0.0,0.0,0.0
15.666666666666666;0.03348669409751892,-0.6982094645500183,0.0;1.0,0.0,0.0,0.0
15.708333333333334;0.02860579453408718,-0.7050785422325134,0.0;1.0,0.0,0.0,0.0
15.75;0.024678019806742668,-0.7124642133712769,0.0;1.0,0.0,0.0,0.0
15.791666666666666;0.02169058285653591,-0.7202146649360657,0.0;1.0,0.0,0.0,0.0
15.833333333333334;0.019600247964262962,-0.728191614151001,0.0;1.0,0.0,0.0,0.0
15.875;0.018346885219216347,-0.7362808585166931,0.0;1.0,0.0,0.0,0.0
15.916666666666666;0.017863454297184944,-0.7443910241127014,0.0;1.0,0.0,0.0,0.0
15.958333333333334;0.01808146759867668,-0.7524519562721252,0.0;1.0,0.0,0.0,0.0
16.0;0.01893458142876625,-0.760407567024231,0.0;1.0,0.0,0.0,0.0
16.041666666666668;0.02036314085125923,-0.7682182788848877,0.0;1.0,0.0,0.0,0.0
16.083333333333332;0.022326523438096046,-0.7758460640907288,0.0;1.0,0.0,0.0,0.0
16.125;0.024763276800513268,-0.7832685708999634,0.0;1.0,0.0,0.0,0.0
16.166666666666668;0.027615291997790337,-0.7904723882675171,0.0;1.0,0.0,0.0,0.0
16.208333333333332;0.030839096754789352,-0.7974463105201721,0.0;1.0,0.0,0.0,0.0
16.25;0.03439822047948837,-0.804182231426239,0.0;1.0,0.0,0.0,0.0
16.291666666666668;0.0382617749273777,-0.8106722235679626,0.0;1.0,0.0,0.0,0.0
16.333333333333332;0.042404983192682266,-0.8169101476669312,0.0;1.0,0.0,0.0,0.0
16.375;0.04680616781115532,-0.8228877186775208,0.0;1.0,0.0,0.0,0.0
16.416666666666668;0.051447171717882156,-0.8285970687866211,0.0;1.0,0.0,0.0,0.0
16.458333333333332;0.05631176754832268,-0.8340283036231995,0.0;1.0,0.0,0.0,0.0
16.5;0.06138647347688675,-0.8391728401184082,0.0;1.0,0.0,0.0,0.0
16.541666666666668;0.06665685027837753,-0.8440192341804504,0.0;1.0,0.0,0.0,0.0
16.583333333333332;0.07210876792669296,-0.8485561013221741,0.0;1.0,0.0,0.0,0.0
16.625;0.07772881537675858,-0.8527727723121643,0.0;1.0,0.0,0.0,0.0
16.666666666666668;0.08350210636854172,-0.8566587567329407,0.0;1.0,0.0,0.0,0.0
16.708333333333332;0.0894121304154396,-0.8602048754692078,0.0;1.0,0.0,0.0,0.0
16.75;0.09543991833925247,-0.8634030818939209,0.0;1.0,0.0,0.0,0.0
16.791666666666668;0.10156819224357605,-0.8662501573562622,0.0;1.0,0.0,0.0,0.0
16.833333333333332;0.10777554661035538,-0.8687444925308228,0.0;1.0,0.0,0.0,0.0
16.875;0.11404196172952652,-0.8708878755569458,0.0;1.0,0.0,0.0,0.0
16.916666666666668;0.12034770101308823,-0.8726762533187866,0.0;1.0,0.0,0.0,0.0
16.958333333333332;0.12667618691921234,-0.8741075396537781,0.0;1.0,0.0,0.0,0.0
17.0;0.13299942016601562,-0.8752143979072571,0.0;1.0,0.0,0.0,0.0
17.041666666666668;0.13930056989192963,-0.8760230541229248,0.0;1.0,0.0,0.0,0.0
17.083333333333332;0.14556308090686798,-0.8765445947647095,0.0;1.0,0.0,0.0,0.0
17.125;0.15177403390407562,-0.8768061995506287,0.0;1.0,0.0,0.0,0.0
17.166666666666668;0.15792225301265717,-0.8768545389175415,0.0;1.0,0.0,0.0,0.0
17.208333333333332;0.1640004813671112,-0.8767112493515015,0.0;1.0,0.0,0.0,0.0
17.25;0.17000500857830048,-0.8764170408248901,0.0;1.0,0.0,0.0,0.0
17.291666666666668;0.17593342065811157,-0.8759976029396057,0.0;1.0,0.0,0.0,0.0
17.333333333333332;0.1817861795425415,-0.8754918575286865,0.0;1.0,0.0,0.0,0.0
17.375;0.1872357279062271,-0.8750251531600952,0.0;1.0,0.0,0.0,0.0
17.416666666666668;0.18816925585269928,-0.8754077553749084,0.0;1.0,0.0,0.0,0.0
17.458333333333332;0.18415649235248566,-0.8765575885772705,0.0;1.0,0.0,0.0,0.0
17.5;0.1787896603345871,-0.8777592778205872,0.0;1.0,0.0,0.0,0.0
17.541666666666668;0.17338956892490387,-0.8789446353912354,0.0;1.0,0.0,0.0,0.0
17.583333333333332;0.16805905103683472,-0.8801214098930359,0.0;1.0,0.0,0.0,0.0
17.625;0.16279898583889008,-0.8812947273254395,0.0;1.0,0.0,0.0,0.0
17.666666666666668;0.15761029720306396,-0.8824675679206848,0.0;1.0,0.0,0.0,0.0
17.708333333333332;0.1524934619665146,-0.8836409449577332,0.0;1.0,0.0,0.0,0.0
17.75;0.14744848012924194,-0.8848167657852173,0.0;1.0,0.0,0.0,0.0
17.791666666666668;0.14247682690620422,-0.8859960436820984,0.0;1.0,0.0,0.0,0.0
17.833333333333332;0.13757792115211487,-0.8871803879737854,0.0;1.0,0.0,0.0,0.0
17.875;0.13275375962257385,-0.8883720636367798,0.0;1.0,0.0,0.0,0.0
17.916666666666668;0.12800438702106476,-0.8895776867866516,0.0;1.0,0.0,0.0,0.0
17.958333333333332;0.12333279103040695,-0.8908002972602844,0.0;1.0,0.0,0.0,0.0
18.0;0.11873804777860641,-0.8920401334762573,0.0;1.0,0.0,0.0,0.0
18.041666666666668;0.11422112584114075,-0.8932969570159912,0.0;1.0,0.0,0.0,0.0
18.083333333333332;0.10978270322084427,-0.8945716023445129,0.0;1.0,0.0,0.0,0.0
18.125;0.10542407631874084,-0.8958702683448792,0.0;1.0,0.0,0.0,0.0
18.166666666666668;0.10114914923906326,-0.897200345993042,0.0;1.0,0.0,0.0,0.0
18.208333333333332;0.09695947170257568,-0.8985660672187805,0.0;1.0,0.0,0.0,0.0
18.25;0.09285546839237213,-0.8999629020690918,0.0;1.0,0.0,0.0,0.0
18.291666666666668;0.08883555233478546,-0.9013875126838684,0.0;1.0,0.0,0.0,0.0
18.333333333333332;0.08490244299173355,-0.9028419256210327,0.0;1.0,0.0,0.0,0.0
18.375;0.08105981349945068,-0.9043390154838562,0.0;1.0,0.0,0.0,0.0
18.416666666666668;0.07731305062770844,-0.905884325504303,0.0;1.0,0.0,0.0,0.0
18.458333333333332;0.07366400212049484,-0.9074753522872925,0.0;1.0,0.0,0.0,0.0
18.5;0.07010997086763382,-0.9091060757637024,0.0;1.0,0.0,0.0,0.0
18.541666666666668;0.06665035337209702,-0.9107715487480164,0.0;1.0,0.0,0.0,0.0
18.583333333333332;0.06328633427619934,-0.9124712944030762,0.0;1.0,0.0,0.0,0.0
18.625;0.060027290135622025,-0.914216160774231,0.0;1.0,0.0,0.0,0.0
18.666666666666668;0.05687997490167618,-0.9160187244415283,0.0;1.0,0.0,0.0,0.0
18.708333333333332;0.05384422093629837,-0.9178695678710938,0.0;1.0,0.0,0.0,0.0
18.75;0.05091598257422447,-0.9197571277618408,0.0;1.0,0.0,0.0,0.0
18.791666666666668;0.048092134296894073,-0.9216732978820801,0.0;1.0,0.0,0.0,0.0
18.833333333333332;0.04537014663219452,-0.9236122965812683,0.0;1.0,0.0,0.0,0.0
18.875;0.04274964705109596,-0.9255704283714294,0.0;1.0,0.0,0.0,0.0
18.916666666666668;0.0402352474629879,-0.9275510907173157,0.0;1.0,0.0,0.0,0.0
18.958333333333332;0.03783689811825752,-0.9295608401298523,0.0;1.0,0.0,0.0,0.0
19.0;0.0355512760579586,-0.9315938949584961,0.0;1.0,0.0,0.0,0.0
19.041666666666668;0.0333673357963562,-0.9336323142051697,0.0;1.0,0.0,0.0,0.0
19.083333333333332;0.0312771201133728,-0.9356665015220642,0.0;1.0,0.0,0.0,0.0
19.125;0.029278291389346123,-0.937690019607544,0.0;1.0,0.0,0.0,0.0
19.166666666666668;0.0273655466735363,-0.9397015571594238,0.0;1.0,0.0,0.0,0.0
19.208333333333332;0.025539396330714226,-0.9416947364807129,0.0;1.0,0.0,0.0,0.0
19.25;0.023796752095222473,-0.9436690807342529,0.0;1.0,0.0,0.0,0.0
19.291666666666668;0.022140538319945335,-0.9456247687339783,0.0;1.0,0.0,0.0,0.0
19.333333333333332;0.020573627203702927,-0.9475617408752441,0.0;1.0,0.0,0.0,0.0
19.375;0.019091887399554253,-0.9494752883911133,0.0;1.0,0.0,0.0,0.0
19.416666666666668;0.017685819417238235,-0.9513592720031738,0.0;1.0,0.0,0.0,0.0
19.458333333333332;0.016350196674466133,-0.953205406665802,0.0;1.0,0.0,0.0,0.0
19.5;0.015081029385328293,-0.9550120234489441,0.0;1.0,0.0,0.0,0.0
19.541666666666668;0.01387626864016056,-0.9567773938179016,0.0;1.0,0.0,0.0,0.0
19.583333333333332;0.012733913958072662,-0.9584996700286865,0.0;1.0,0.0,0.0,0.0
19.625;0.011652501299977303,-0.9601764678955078,0.0;1.0,0.0,0.0,0.0
19.666666666666668;0.010629327967762947,-0.9618075489997864,0.0;1.0,0.0,0.0,0.0
19.708333333333332;0.009663574397563934,-0.9633899927139282,0.0;1.0,0.0,0.0,0.0
19.75;0.008752478286623955,-0.9649237990379333,0.0;1.0,0.0,0.0,0.0
19.791666666666668;0.007894715294241905,-0.9664072394371033,0.0;1.0,0.0,0.0,0.0
19.833333333333332;0.0070885419845581055,-0.967838704586029,0.0;1.0,0.0,0.0,0.0
19.875;0.006332463584840298,-0.9692170023918152,0.0;1.0,0.0,0.0,0.0
19.916666666666668;0.005624513141810894,-0.9705413579940796,0.0;1.0,0.0,0.0,0.0
19.958333333333332;0.004963268991559744,-0.9718105792999268,0.0;1.0,0.0,0.0,0.0
20.0;0.004346936475485563,-0.9730239510536194,0.0;1.0,0.0,0.0,0.0
20.041666666666668;0.003773976117372513,-0.9741805791854858,0.0;1.0,0.0,0.0,0.0
20.083333333333332;0.003243218408897519,-0.9752793312072754,0.0;1.0,0.0,0.0,0.0
20.125;0.0027532950043678284,-0.9763191938400269,0.0;1.0,0.0,0.0,0.0
20.166666666666668;0.002302463399246335,-0.9773001670837402,0.0;1.0,0.0,0.0,0.0
20.208333333333332;0.001889286795631051,-0.9782216548919678,0.0;1.0,0.0,0.0,0.0
20.25;0.00138823629822582,-0.9792153835296631,0.0;1.0,0.0,0.0,0.0
20.291666666666668;0.0009573337156325579,-0.9802356362342834,0.0;1.0,0.0,0.0,0.0
20.333333333333332;0.0006086512003093958,-0.981088399887085,0.0;1.0,0.0,0.0,0.0
20.375;0.0003257356584072113,-0.9817987680435181,0.0;1.0,0.0,0.0,0.0
20.416666666666668;9.363191202282906e-05,-0.9823929667472839,0.0;1.0,0.0,0.0,0.0
20.458333333333332;-9.76447481662035e-05,-0.9828883409500122,0.0;1.0,0.0,0.0,0.0
20.5;-0.00025609531439840794,-0.9833004474639893,0.0;1.0,0.0,0.0,0.0
20.541666666666668;-0.00038666953332722187,-0.9836395978927612,0.0;1.0,0.0,0.0,0.0
20.583333333333332;-0.0004937273915857077,-0.9839157462120056,0.0;1.0,0.0,0.0,0.0
20.625;-0.0005788111593574286,-0.9841333031654358,0.0;1.0,0.0,0.0,0.0
20.666666666666668;-0.0006442428566515446,-0.984298825263977,0.0;1.0,0.0,0.0,0.0
20.708333333333332;-0.0006885703187435865,-0.9844155311584473,0.0;1.0,0.0,0.0,0.0
20.75;-0.0007187665905803442,-0.9844850301742554,0.0;1.0,0.0,0.0,0.0
20.791666666666668;-0.000727478414773941,-0.9845069050788879,0.0;1.0,0.0,0.0,0.0
