0.0;0.0,0.0,0.0;1.0,0.0,0.0,0.0
0.041666666666666664;0.0,0.0,0.0;0.9999564290046692,0.00016599836817476898,-0.0002590395451989025,-0.00010974713222822174
0.08333333333333333;0.0,0.0,0.0;0.9998248219490051,0.0006661319639533758,-0.001039495225995779,-0.0004404023929964751
0.125;0.0,0.0,0.0;0.9996039271354675,0.0015030389185994864,-0.002345483750104904,-0.0009937097784131765
0.16666666666666666;0.0,0.0,0.0;0.9992925524711609,0.002678502118214965,-0.004179787822067738,-0.0017708484083414078
0.20833333333333334;0.0,0.0,0.0;0.9988898634910583,0.0041933245956897736,-0.0065436591394245625,-0.002772348467260599
0.25;0.0,0.0,0.0;0.9983952641487122,0.006047195289283991,-0.009436613880097866,-0.003998005297034979
0.2916666666666667;0.0,0.0,0.0;0.9978082776069641,0.008238554000854492,-0.012856215238571167,-0.005446786060929298
0.3333333333333333;0.0,0.0,0.0;0.9971288442611694,0.01076444424688816,-0.016797853633761406,-0.007116738241165876
0.375;0.0,0.0,0.0;0.9963571429252625,0.013620377518236637,-0.02125452272593975,-0.009004891850054264
0.4166666666666667;0.0,0.0,0.0;0.9954939484596252,0.016800183802843094,-0.026216592639684677,-0.011107170023024082
0.4583333333333333;0.0,0.0,0.0;0.994540274143219,0.02029588632285595,-0.031671613454818726,-0.013418296352028847
0.5;0.0,0.0,0.0;0.9934975504875183,0.024097580462694168,-0.037604138255119324,-0.01593172550201416
0.5416666666666666;0.0,0.0,0.0;0.9923678636550903,0.028193315491080284,-0.043995507061481476,-0.01863955333828926
0.5833333333333334;0.0,0.0,0.0;0.9911537766456604,0.0325690321624279,-0.050823792815208435,-0.021532488986849785
0.625;0.0,0.0,0.0;0.9898582100868225,0.037208493798971176,-0.05806364864110947,-0.024599794298410416
0.6666666666666666;0.0,0.0,0.0;0.9884849190711975,0.04209328070282936,-0.06568633019924164,-0.02782929316163063
0.7083333333333334;0.0,0.0,0.0;0.9870378971099854,0.04720279574394226,-0.07365968823432922,-0.031207364052534103
0.75;0.0,0.0,0.0;0.9855220317840576,0.05251436308026314,-0.08194835484027863,-0.03471902012825012
0.7916666666666666;0.0,0.0,0.0;0.9839425086975098,0.05800328776240349,-0.09051379561424255,-0.03834793344140053
0.8333333333333334;0.0,0.0,0.0;0.9823050498962402,0.06364308297634125,-0.09931467473506927,-0.04207659140229225
0.875;0.0,0.0,0.0;0.9806158542633057,0.06940563768148422,-0.10830710828304291,-0.04588641971349716
0.9166666666666666;0.0,0.0,0.0;0.9788816571235657,0.07526151835918427,-0.11744517087936401,-0.0497579388320446
0.9583333333333334;0.0,0.0,0.0;0.977109432220459,0.08118021488189697,-0.12668125331401825,-0.0536709800362587
1.0;0.0,0.0,0.0;0.9753064513206482,0.08713047951459885,-0.13596661388874054,-0.05760490521788597
1.0416666666666667;0.0,0.0,0.0;0.9734800457954407,0.09308076649904251,-0.14525198936462402,-0.06153884157538414
1.0833333333333333;0.0,0.0,0.0;0.9716379046440125,0.09899944812059402,-0.15448808670043945,-0.06545189023017883
1.125;0.0,0.0,0.0;0.96978759765625,0.10485533624887466,-0.16362616419792175,-0.06932340562343597
1.1666666666666667;0.0,0.0,0.0;0.9679365754127502,0.11061788350343704,-0.172618567943573,-0.07313323020935059
1.2083333333333333;0.0,0.0,0.0;0.9660922288894653,0.1162576824426651,-0.1814194619655609,-0.07686188817024231
1.25;0.0,0.0,0.0;0.9642617106437683,0.12174661457538605,-0.18998488783836365,-0.08049079775810242
1.2916666666666667;0.0,0.0,0.0;0.9624519348144531,0.12705817818641663,-0.19827356934547424,-0.08400245755910873
1.3333333333333333;0.0,0.0,0.0;0.9606692790985107,0.13216768205165863,-0.20624691247940063,-0.08738051354885101
1.375;0.0,0.0,0.0;0.958919882774353,0.1370524764060974,-0.21386957168579102,-0.09061001986265182
1.4166666666666667;0.0,0.0,0.0;0.9572092890739441,0.14169193804264069,-0.22110946476459503,-0.0936773344874382
1.4583333333333333;0.0,0.0,0.0;0.9555426836013794,0.14606764912605286,-0.2279377281665802,-0.09657026082277298
1.5;0.0,0.0,0.0;0.9539247751235962,0.1501634120941162,-0.23432910442352295,-0.09927809983491898
1.5416666666666667;0.0,0.0,0.0;0.9523597359657288,0.1539650708436966,-0.24026158452033997,-0.10179152339696884
1.5833333333333333;0.0,0.0,0.0;0.9508511424064636,0.1574607938528061,-0.2457166612148285,-0.10410264879465103
1.625;0.0,0.0,0.0;0.9494023323059082,0.16064058244228363,-0.250678688287735,-0.10620492696762085
1.6666666666666667;0.0,0.0,0.0;0.9480159282684326,0.16349650919437408,-0.25513532757759094,-0.10809306800365448
1.7083333333333333;0.0,0.0,0.0;0.9466942548751831,0.1660224050283432,-0.2590769827365875,-0.10976304113864899
1.75;0.0,0.0,0.0;0.9454392194747925,0.16821378469467163,-0.26249659061431885,-0.11121182143688202
1.7916666666666667;0.0,0.0,0.0;0.9442522525787354,0.17006763815879822,-0.2653895616531372,-0.11243747174739838
1.8333333333333333;0.0,0.0,0.0;0.9431345462799072,0.17158246040344238,-0.26775339245796204,-0.11343894898891449
1.875;0.0,0.0,0.0;0.9420868754386902,0.17275792360305786,-0.2695876955986023,-0.11421610414981842
1.9166666666666667;0.0,0.0,0.0;0.941109836101532,0.17359483242034912,-0.27089372277259827,-0.11476939916610718
1.9583333333333333;0.0,0.0,0.0;0.9402035474777222,0.17409494519233704,-0.27167415618896484,-0.11510007083415985
2.0;0.0,0.0,0.0;0.9393681287765503,0.1742609590291977,-0.2719332277774811,-0.11520981043577194
2.0416666666666665;0.0,0.0,0.0;0.938578724861145,0.17404043674468994,-0.2718457579612732,-0.11479754000902176
2.0833333333333335;0.0,0.0,0.0;0.9378109574317932,0.17337608337402344,-0.2715822756290436,-0.11355549842119217
2.125;0.0,0.0,0.0;0.9370654821395874,0.17226442694664001,-0.2711413502693176,-0.11147722601890564
2.1666666666666665;0.0,0.0,0.0;0.9363427758216858,0.17070309817790985,-0.2705220580101013,-0.10855825245380402
2.2083333333333335;0.0,0.0,0.0;0.9356433749198914,0.16869093477725983,-0.2697240114212036,-0.10479644685983658
2.25;0.0,0.0,0.0;0.9349678158760071,0.16622820496559143,-0.2687472403049469,-0.10019230842590332
2.2916666666666665;0.0,0.0,0.0;0.9343166351318359,0.1633167713880539,-0.2675924599170685,-0.09474925696849823
2.3333333333333335;0.0,0.0,0.0;0.9336901307106018,0.15996019542217255,-0.26626116037368774,-0.08847402781248093
2.375;0.0,0.0,0.0;0.9330886602401733,0.1561640202999115,-0.2647554874420166,-0.08137694746255875
2.4166666666666665;0.0,0.0,0.0;0.9325125813484192,0.1519358605146408,-0.2630784809589386,-0.0734722763299942
2.4583333333333335;0.0,0.0,0.0;0.9319621920585632,0.14728567004203796,-0.2612340748310089,-0.06477856636047363
2.5;0.0,0.0,0.0;0.9314375519752502,0.1422257423400879,-0.2592271864414215,-0.05531886965036392
2.5416666666666665;0.0,0.0,0.0;0.9309387803077698,0.13677102327346802,-0.25706368684768677,-0.04512108862400055
2.5833333333333335;0.0,0.0,0.0;0.930465817451477,0.13093909621238708,-0.2547506093978882,-0.03421808406710625
2.625;0.0,0.0,0.0;0.930018424987793,0.1247502863407135,-0.25229594111442566,-0.022647900506854057
2.6666666666666665;0.0,0.0,0.0;0.929596483707428,0.1182277575135231,-0.24970893561840057,-0.010453810915350914
2.7083333333333335;0.0,0.0,0.0;0.9291995763778687,0.1113974004983902,-0.2469998449087143,0.0023157820105552673
2.75;0.0,0.0,0.0;0.9288270473480225,0.10428784787654877,-0.24417999386787415,0.015607338398694992
2.7916666666666665;0.0,0.0,0.0;0.928478479385376,0.09693031758069992,-0.2412617951631546,0.02936248481273651
2.8333333333333335;0.0,0.0,0.0;0.9281527996063232,0.08935841172933578,-0.23825857043266296,0.04351843520998955
2.875;0.0,0.0,0.0;0.9278494119644165,0.08160792291164398,-0.23518452048301697,0.05800821632146835
2.9166666666666665;0.0,0.0,0.0;0.9275670647621155,0.07371650636196136,-0.23205456137657166,0.07276150584220886
2.9583333333333335;0.0,0.0,0.0;0.9273046255111694,0.06572328507900238,-0.2288842350244522,0.08770512044429779
3.0;0.0,0.0,0.0;0.9270608425140381,0.0576685294508934,-0.22568950057029724,0.10276372730731964
3.0416666666666665;0.0,0.0,0.0;0.9268344044685364,0.04959321767091751,-0.22248661518096924,0.1178608164191246
3.0833333333333335;0.0,0.0,0.0;0.9266238212585449,0.04153846204280853,-0.21929188072681427,0.13291947543621063
3.125;0.0,0.0,0.0;0.9264276623725891,0.033545248210430145,-0.21612156927585602,0.14786304533481598
3.1666666666666665;0.0,0.0,0.0;0.9262442588806152,0.02565382421016693,-0.2129916101694107,0.16261635720729828
3.2083333333333335;0.0,0.0,0.0;0.9260720610618591,0.017903335392475128,-0.20991754531860352,0.17710615694522858
3.25;0.0,0.0,0.0;0.9259094595909119,0.01033143699169159,-0.20691432058811188,0.19126209616661072
3.2916666666666665;0.0,0.0,0.0;0.9257549047470093,0.002973884344100952,-0.20399613678455353,0.20501722395420074
3.3333333333333335;0.0,0.0,0.0;0.9256067276000977,-0.004135653376579285,-0.20117628574371338,0.21830880641937256
3.375;0.0,0.0,0.0;0.9254635572433472,-0.010966002941131592,-0.1984671950340271,0.2310783863067627
3.4166666666666665;0.0,0.0,0.0;0.9253236651420593,-0.017488539218902588,-0.19588017463684082,0.24327251315116882
3.4583333333333335;0.0,0.0,0.0;0.9251858592033386,-0.023677334189414978,-0.19342553615570068,0.2548426687717438
3.5;0.0,0.0,0.0;0.9250485897064209,-0.02950926125049591,-0.1911124289035797,0.2657456398010254
3.5416666666666665;0.0,0.0,0.0;0.9249107837677002,-0.03496396541595459,-0.18894894421100616,0.27594342827796936
3.5833333333333335;0.0,0.0,0.0;0.9247710108757019,-0.04002389311790466,-0.18694204092025757,0.28540313243865967
3.625;0.0,0.0,0.0;0.9246283173561096,-0.04467412829399109,-0.18509763479232788,0.2940968871116638
3.6666666666666665;0.0,0.0,0.0;0.9244816303253174,-0.0489022433757782,-0.18342062830924988,0.3020015358924866
3.7083333333333335;0.0,0.0,0.0;0.9243300557136536,-0.05269843339920044,-0.18191495537757874,0.30909866094589233
3.75;0.0,0.0,0.0;0.9241727590560913,-0.0560549795627594,-0.180583655834198,0.31537383794784546
3.7916666666666665;0.0,0.0,0.0;0.9240089654922485,-0.05896645784378052,-0.17942890524864197,0.32081693410873413
3.8333333333333335;0.0,0.0,0.0;0.9238379597663879,-0.06142917275428772,-0.17845213413238525,0.3254210948944092
3.875;0.0,0.0,0.0;0.9236592054367065,-0.06344133615493774,-0.17765404284000397,0.32918286323547363
3.9166666666666665;0.0,0.0,0.0;0.9234721660614014,-0.06500265002250671,-0.17703479528427124,0.33210182189941406
3.9583333333333335;0.0,0.0,0.0;0.9232763648033142,-0.06611430644989014,-0.1765938699245453,0.3341800570487976
4.0;0.0,0.0,0.0;0.9230714440345764,-0.06677868962287903,-0.1763303577899933,0.3354220986366272
4.041666666666667;0.0,0.0,0.0;0.9228570461273193,-0.06699920445680618,-0.1762429028749466,0.3358343839645386
4.083333333333333;0.0,0.0,0.0;0.9226435422897339,-0.06695093214511871,-0.1764112114906311,0.3356075882911682
4.125;0.0,0.0,0.0;0.9224411845207214,-0.06680373102426529,-0.176918163895607,0.3349243998527527
4.166666666666667;0.0,0.0,0.0;0.9222503900527954,-0.066553995013237,-0.17776630818843842,0.3337814211845398
4.208333333333333;0.0,0.0,0.0;0.9220709204673767,-0.06619806587696075,-0.1789574921131134,0.332176148891449
4.25;0.0,0.0,0.0;0.9219028353691101,-0.06573228538036346,-0.18049271404743195,0.3301072418689728
4.291666666666667;0.0,0.0,0.0;0.9217462539672852,-0.06515299528837204,-0.1823720633983612,0.32757455110549927
4.333333333333333;0.0,0.0,0.0;0.9216009974479675,-0.06445656716823578,-0.18459461629390717,0.3245794177055359
4.375;0.0,0.0,0.0;0.9214668869972229,-0.06363940984010696,-0.1871582567691803,0.3211246132850647
4.416666666666667;0.0,0.0,0.0;0.9213439226150513,-0.06269805133342743,-0.190059632062912,0.31721463799476624
4.458333333333333;0.0,0.0,0.0;0.921231746673584,-0.06162912771105766,-0.1932940036058426,0.31285592913627625
4.5;0.0,0.0,0.0;0.9211302399635315,-0.06042943522334099,-0.19685515761375427,0.3080568015575409
4.541666666666667;0.0,0.0,0.0;0.9210390448570251,-0.05909597501158714,-0.20073531568050385,0.3028278052806854
4.583333333333333;0.0,0.0,0.0;0.9209577441215515,-0.05762599781155586,-0.20492494106292725,0.29718178510665894
4.625;0.0,0.0,0.0;0.9208860993385315,-0.05601704493165016,-0.2094128280878067,0.2911337912082672
4.666666666666667;0.0,0.0,0.0;0.9208233952522278,-0.05426699295639992,-0.21418584883213043,0.28470152616500854
4.708333333333333;0.0,0.0,0.0;0.9207691550254822,-0.05237411707639694,-0.2192290723323822,0.2779051661491394
4.75;0.0,0.0,0.0;0.9207228422164917,-0.05033710226416588,-0.22452563047409058,0.2707674205303192
4.791666666666667;0.0,0.0,0.0;0.9206836819648743,-0.048155128955841064,-0.2300567775964737,0.26331350207328796
4.833333333333333;0.0,0.0,0.0;0.9206509590148926,-0.045827869325876236,-0.23580195009708405,0.2555711567401886
4.875;0.0,0.0,0.0;0.9206238389015198,-0.043355561792850494,-0.24173885583877563,0.2475704699754715
4.916666666666667;0.0,0.0,0.0;0.9206016063690186,-0.04073901101946831,-0.2478434294462204,0.2393437772989273
4.958333333333333;0.0,0.0,0.0;0.9205831289291382,-0.037979606539011,-0.254090279340744,0.23092538118362427
5.0;0.0,0.0,0.0;0.9205676913261414,-0.03507937490940094,-0.2604525685310364,0.22235140204429626
5.041666666666667;0.0,0.0,0.0;0.9205541014671326,-0.03204090893268585,-0.26690247654914856,0.2136593461036682
5.083333333333333;0.0,0.0,0.0;0.9205415844917297,-0.028867434710264206,-0.27341124415397644,0.2048879712820053
5.125;0.0,0.0,0.0;0.9205289483070374,-0.025562714785337448,-0.2799496054649353,0.19607672095298767
5.166666666666667;0.0,0.0,0.0;0.920515239238739,-0.022131092846393585,-0.28648796677589417,0.18726548552513123
5.208333333333333;0.0,0.0,0.0;0.9204994440078735,-0.01857738010585308,-0.29299676418304443,0.17849406599998474
5.25;0.0,0.0,0.0;0.920480489730835,-0.014906886965036392,-0.29944661259651184,0.16980202496051788
5.291666666666667;0.0,0.0,0.0;0.9204573631286621,-0.011125280521810055,-0.3058089315891266,0.16122806072235107
5.333333333333333;0.0,0.0,0.0;0.9204292297363281,-0.007238571997731924,-0.312055766582489,0.15280964970588684
5.375;0.0,0.0,0.0;0.9203951954841614,-0.003253040835261345,-0.31816041469573975,0.14458294212818146
5.416666666666667;0.0,0.0,0.0;0.9203542470932007,0.0008248090744018555,-0.32409727573394775,0.13658225536346436
5.458333333333333;0.0,0.0,0.0;0.9203056693077087,0.004988373722881079,-0.3298424482345581,0.12883992493152618
5.5;0.0,0.0,0.0;0.920248806476593,0.009230978786945343,-0.3353736400604248,0.12138599157333374
5.541666666666667;0.0,0.0,0.0;0.9201828241348267,0.013545929454267025,-0.3406701683998108,0.11424824595451355
5.583333333333333;0.0,0.0,0.0;0.9201071262359619,0.017926592379808426,-0.345713347196579,0.10745187103748322
5.625;0.0,0.0,0.0;0.9200212359428406,0.022366462275385857,-0.3504863977432251,0.10101962089538574
5.666666666666667;0.0,0.0,0.0;0.9199246764183044,0.026859141886234283,-0.35497426986694336,0.0949716567993164
5.708333333333333;0.0,0.0,0.0;0.9198170304298401,0.031398504972457886,-0.35916393995285034,0.08932557702064514
5.75;0.0,0.0,0.0;0.9196978211402893,0.03597857803106308,-0.36304405331611633,0.08409661054611206
5.791666666666667;0.0,0.0,0.0;0.919566810131073,0.04059369117021561,-0.3666052222251892,0.07929748296737671
5.833333333333333;0.0,0.0,0.0;0.9194238781929016,0.045238398015499115,-0.3698396682739258,0.07493871450424194
5.875;0.0,0.0,0.0;0.919268786907196,0.0499076172709465,-0.3727410137653351,0.07102876901626587
5.916666666666667;0.0,0.0,0.0;0.9191012978553772,0.05459648370742798,-0.37530457973480225,0.06757399439811707
5.958333333333333;0.0,0.0,0.0;0.9189214706420898,0.059300489723682404,-0.377527117729187,0.0645788311958313
6.0;0.0,0.0,0.0;0.9187292456626892,0.06401543319225311,-0.37940648198127747,0.062046170234680176
6.041666666666667;0.0,0.0,0.0;0.9185245633125305,0.06873736530542374,-0.3809417188167572,0.05997726321220398
6.083333333333333;0.0,0.0,0.0;0.918307363986969,0.07346263527870178,-0.38213294744491577,0.05837196111679077
6.125;0.0,0.0,0.0;0.9180779457092285,0.07818791270256042,-0.3829810619354248,0.05722898244857788
6.166666666666667;0.0,0.0,0.0;0.9178363084793091,0.08291015028953552,-0.3834880292415619,0.056545794010162354
6.208333333333333;0.0,0.0,0.0;0.9175825119018555,0.08762646466493607,-0.3836563527584076,0.05631900206208229
6.25;0.0,0.0,0.0;0.9172487854957581,0.09249556064605713,-0.3836561143398285,0.056391503661870956
6.291666666666667;0.0,0.0,0.0;0.9167665243148804,0.09767785668373108,-0.3836544454097748,0.05661100521683693
6.333333333333333;0.0,0.0,0.0;0.9161346554756165,0.10317264497280121,-0.3836497962474823,0.05698036774992943
6.375;0.0,0.0,0.0;0.9153525829315186,0.10897823423147202,-0.38364046812057495,0.057502277195453644
6.416666666666667;0.0,0.0,0.0;0.9144201278686523,0.11509179323911667,-0.3836246430873871,0.05817919224500656
6.458333333333333;0.0,0.0,0.0;0.9133375287055969,0.12150923907756805,-0.3836003243923187,0.05901328846812248
6.5;0.0,0.0,0.0;0.9121056795120239,0.1282251477241516,-0.38356542587280273,0.06000642478466034
6.541666666666667;0.0,0.0,0.0;0.9107257127761841,0.1352325677871704,-0.38351765275001526,0.06116007640957832
6.583333333333333;0.0,0.0,0.0;0.9091997742652893,0.14252299070358276,-0.3834545612335205,0.062475286424160004
6.625;0.0,0.0,0.0;0.9075306057929993,0.1500861495733261,-0.3833736479282379,0.06395262479782104
6.666666666666667;0.0,0.0,0.0;0.9057213664054871,0.15790994465351105,-0.3832721412181854,0.06559210270643234
6.708333333333333;0.0,0.0,0.0;0.9037764668464661,0.16598038375377655,-0.3831472098827362,0.06739313155412674
6.75;0.0,0.0,0.0;0.9017009139060974,0.174281507730484,-0.3829958736896515,0.06935445219278336
6.791666666666667;0.0,0.0,0.0;0.8995006084442139,0.18279525637626648,-0.38281509280204773,0.0714741051197052
6.833333333333333;0.0,0.0,0.0;0.8971821665763855,0.19150152802467346,-0.38260164856910706,0.0737493708729744
6.875;0.0,0.0,0.0;0.8947534561157227,0.2003782093524933,-0.3823522925376892,0.0761767327785492
6.916666666666667;0.0,0.0,0.0;0.892223060131073,0.2094012051820755,-0.38206377625465393,0.07875185459852219
6.958333333333333;0.0,0.0,0.0;0.8896004557609558,0.21854442358016968,-0.3817327618598938,0.08146953582763672
7.0;0.0,0.0,0.0;0.8868959546089172,0.22778010368347168,-0.38135600090026855,0.08432372659444809
7.041666666666667;0.0,0.0,0.0;0.8841206431388855,0.23707884550094604,-0.38093021512031555,0.08730758726596832
7.083333333333333;0.0,0.0,0.0;0.8812863826751709,0.2464098036289215,-0.3804522454738617,0.0904134064912796
7.125;0.0,0.0,0.0;0.8784056901931763,0.255741149187088,-0.3799191117286682,0.0936327576637268
7.166666666666667;0.0,0.0,0.0;0.8754914999008179,0.26504018902778625,-0.3793279230594635,0.09695648401975632
7.208333333333333;0.0,0.0,0.0;0.8725571036338806,0.27427375316619873,-0.37867599725723267,0.10037480294704437
7.25;0.0,0.0,0.0;0.8696163296699524,0.28340840339660645,-0.3779608905315399,0.10387742519378662
7.291666666666667;0.0,0.0,0.0;0.8666828274726868,0.2924111485481262,-0.37718039751052856,0.1074535995721817
7.333333333333333;0.0,0.0,0.0;0.8637703061103821,0.30124929547309875,-0.3763326406478882,0.11109226942062378
7.375;0.0,0.0,0.0;0.8608923554420471,0.3098912239074707,-0.37541598081588745,0.11478221416473389
7.416666666666667;0.0,0.0,0.0;0.8580621480941772,0.318306565284729,-0.3744291365146637,0.11851208657026291
7.458333333333333;0.0,0.0,0.0;0.8552924990653992,0.32646644115448,-0.3733711242675781,0.1222706139087677
7.5;0.0,0.0,0.0;0.8525955080986023,0.33434367179870605,-0.3722412586212158,0.12604670226573944
7.541666666666667;0.0,0.0,0.0;0.8499828577041626,0.34191325306892395,-0.3710392713546753,0.1298294961452484
7.583333333333333;0.0,0.0,0.0;0.8474652171134949,0.34915217757225037,-0.369765043258667,0.13360849022865295
7.625;0.0,0.0,0.0;0.8450525403022766,0.3560398817062378,-0.3684189021587372,0.1373736709356308
7.666666666666667;0.0,0.0,0.0;0.8427538871765137,0.3625580072402954,-0.36700135469436646,0.14111553132534027
7.708333333333333;0.0,0.0,0.0;0.8405773639678955,0.36869069933891296,-0.3655131757259369,0.14482514560222626
7.75;0.0,0.0,0.0;0.8385303020477295,0.37442445755004883,-0.36395540833473206,0.1484941840171814
7.791666666666667;0.0,0.0,0.0;0.8366189002990723,0.37974798679351807,-0.36232927441596985,0.15211498737335205
7.833333333333333;0.0,0.0,0.0;0.8348485827445984,0.384652316570282,-0.3606361448764801,0.1556805968284607
7.875;0.0,0.0,0.0;0.833223819732666,0.3891305923461914,-0.35887759923934937,0.15918463468551636
7.916666666666667;0.0,0.0,0.0;0.831748366355896,0.39317792654037476,-0.3570552468299866,0.16262146830558777
7.958333333333333;0.0,0.0,0.0;0.8304252028465271,0.3967913091182709,-0.3551709055900574,0.16598600149154663
8.0;0.0,0.0,0.0;0.8292564153671265,0.3999693989753723,-0.3532263934612274,0.16927388310432434
8.041666666666666;0.0,0.0,0.0;0.8282434940338135,0.40271225571632385,-0.3512236475944519,0.17248131334781647
8.083333333333334;0.0,0.0,0.0;0.8273875117301941,0.4050215780735016,-0.34916454553604126,0.17560498416423798
8.125;0.0,0.0,0.0;0.8266884684562683,0.40690016746520996,-0.34705111384391785,0.1786421835422516
8.166666666666666;0.0,0.0,0.0;0.8261464238166809,0.4083518087863922,-0.3448852598667145,0.18159067630767822
8.208333333333334;0.0,0.0,0.0;0.8257607221603394,0.4093814492225647,-0.34266895055770874,0.18444864451885223
8.25;0.0,0.0,0.0;0.8255304098129272,0.4099944829940796,-0.34040409326553345,0.1872147023677826
8.291666666666666;0.0,0.0,0.0;0.8254539370536804,0.4101974368095398,-0.3380926549434662,0.1898878514766693
8.333333333333334;0.0,0.0,0.0;0.8254820108413696,0.4101884067058563,-0.33558526635169983,0.19255703687667847
8.375;0.0,0.0,0.0;0.825567364692688,0.41015946865081787,-0.3327293395996094,0.19531121850013733
8.416666666666666;0.0,0.0,0.0;0.8257116079330444,0.4101077616214752,-0.32952263951301575,0.19814930856227875
8.458333333333334;0.0,0.0,0.0;0.8259161710739136,0.41003021597862244,-0.32596367597579956,0.20106986165046692
8.5;0.0,0.0,0.0;0.8261827826499939,0.40992361307144165,-0.32205188274383545,0.2040710747241974
8.541666666666666;0.0,0.0,0.0;0.8265127539634705,0.4097844064235687,-0.31778788566589355,0.2071506828069687
8.583333333333334;0.0,0.0,0.0;0.8269074559211731,0.4096090495586395,-0.31317344307899475,0.21030598878860474
8.625;0.0,0.0,0.0;0.8273682594299316,0.4093935787677765,-0.30821162462234497,0.21353380382061005
8.666666666666666;0.0,0.0,0.0;0.8278962969779968,0.40913400053977966,-0.3029071092605591,0.21683038771152496
8.708333333333334;0.0,0.0,0.0;0.8284925818443298,0.4088260233402252,-0.29726606607437134,0.22019150853157043
8.75;0.0,0.0,0.0;0.8291579484939575,0.40846529603004456,-0.29129645228385925,0.2236122339963913
8.791666666666666;0.0,0.0,0.0;0.8298930525779724,0.40804725885391235,-0.2850079834461212,0.2270871251821518
8.833333333333334;0.0,0.0,0.0;0.8306984305381775,0.40756720304489136,-0.27841249108314514,0.23061011731624603
8.875;0.0,0.0,0.0;0.8315741419792175,0.40702036023139954,-0.2715236246585846,0.23417450487613678
8.916666666666666;0.0,0.0,0.0;0.8325203061103821,0.40640199184417725,-0.264357328414917,0.23777297139167786
8.958333333333334;0.0,0.0,0.0;0.8335364460945129,0.40570712089538574,-0.2569315433502197,0.24139757454395294
9.0;0.0,0.0,0.0;0.8346219062805176,0.40493106842041016,-0.24926628172397614,0.24503985047340393
9.041666666666666;0.0,0.0,0.0;0.8357757925987244,0.4040689766407013,-0.24138377606868744,0.24869075417518616
9.083333333333334;0.0,0.0,0.0;0.8369967937469482,0.40311628580093384,-0.23330819606781006,0.25234079360961914
9.125;0.0,0.0,0.0;0.838283121585846,0.4020685851573944,-0.2250654399394989,0.25598007440567017
9.166666666666666;0.0,0.0,0.0;0.839633047580719,0.40092164278030396,-0.21668323874473572,0.25959834456443787
9.208333333333334;0.0,0.0,0.0;0.8410440683364868,0.3996715247631073,-0.20819079875946045,0.26318514347076416
9.25;0.0,0.0,0.0;0.8425135612487793,0.39831477403640747,-0.19961847364902496,0.26672986149787903
9.291666666666666;0.0,0.0,0.0;0.8440386652946472,0.3968481421470642,-0.19099751114845276,0.27022191882133484
9.333333333333334;0.0,0.0,0.0;0.8456161022186279,0.39526885747909546,-0.18235990405082703,0.27365073561668396
9.375;0.0,0.0,0.0;0.8472424149513245,0.39357471466064453,-0.17373782396316528,0.27700600028038025
9.416666666666666;0.0,0.0,0.0;0.8489139676094055,0.3917638957500458,-0.16516336798667908,0.28027766942977905
9.458333333333334;0.0,0.0,0.0;0.8506268262863159,0.3898351788520813,-0.15666833519935608,0.2834561765193939
9.5;0.0,0.0,0.0;0.85237717628479,0.38778775930404663,-0.14828366041183472,0.286532461643219
9.541666666666666;0.0,0.0,0.0;0.8541607856750488,0.38562139868736267,-0.14003920555114746,0.2894980311393738
9.583333333333334;0.0,0.0,0.0;0.8559736609458923,0.3833363652229309,-0.13196367025375366,0.2923450469970703
9.625;0.0,0.0,0.0;0.8578118085861206,0.38093340396881104,-0.12408403307199478,0.2950665354728699
9.666666666666666;0.0,0.0,0.0;0.8596709966659546,0.37841376662254333,-0.1164255440235138,0.2976561486721039
9.708333333333334;0.0,0.0,0.0;0.8615474104881287,0.37577900290489197,-0.10901149362325668,0.30010831356048584
9.75;0.0,0.0,0.0;0.8634370565414429,0.3730311691761017,-0.10186310112476349,0.30241844058036804
9.791666666666666;0.0,0.0,0.0;0.8653364181518555,0.3701726198196411,-0.0949995368719101,0.30458253622055054
9.833333333333334;0.0,0.0,0.0;0.8672418594360352,0.367205947637558,-0.08843770623207092,0.3065975308418274
9.875;0.0,0.0,0.0;0.8691501021385193,0.3641341030597687,-0.08219248056411743,0.3084610402584076
9.916666666666666;0.0,0.0,0.0;0.8710578680038452,0.36096009612083435,-0.07627643644809723,0.31017136573791504
9.958333333333334;0.0,0.0,0.0;0.8729624152183533,0.3576872944831848,-0.07070034742355347,0.31172752380371094
10.0;0.0,0.0,0.0;0.874860942363739,0.3543190062046051,-0.06547285616397858,0.31312915682792664
10.041666666666666;0.0,0.0,0.0;0.8767509460449219,0.35085874795913696,-0.0606008917093277,0.3143764138221741
10.083333333333334;0.0,0.0,0.0;0.8786300420761108,0.34731000661849976,-0.05608953535556793,0.31546998023986816
10.125;0.0,0.0,0.0;0.8804963827133179,0.34367635846138,-0.05194243788719177,0.31641101837158203
10.166666666666666;0.0,0.0,0.0;0.8823479413986206,0.33996132016181946,-0.04816165566444397,0.31720104813575745
10.208333333333334;0.0,0.0,0.0;0.8841830492019653,0.3361683785915375,-0.044748008251190186,0.3178419768810272
10.25;0.0,0.0,0.0;0.8860003352165222,0.33230099081993103,-0.04170122742652893,0.31833595037460327
10.291666666666666;0.0,0.0,0.0;0.8877984285354614,0.3283625543117523,-0.039019763469696045,0.3186854124069214
10.333333333333334;0.0,0.0,0.0;0.8895761370658875,0.3243563771247864,-0.03670129179954529,0.31889304518699646
10.375;0.0,0.0,0.0;0.8913325667381287,0.3202856183052063,-0.0347428172826767,0.31896159052848816
10.416666666666666;0.0,0.0,0.0;0.8931265473365784,0.3160126507282257,-0.032980311661958694,0.31868159770965576
10.458333333333334;0.0,0.0,0.0;0.8950174450874329,0.3113973140716553,-0.03125334903597832,0.317838191986084
10.5;0.0,0.0,0.0;0.8970047831535339,0.3064395785331726,-0.029563389718532562,0.31642696261405945
10.541666666666666;0.0,0.0,0.0;0.8990879654884338,0.3011406362056732,-0.027911899611353874,0.314444899559021
10.583333333333334;0.0,0.0,0.0;0.9012657999992371,0.29550275206565857,-0.026300370693206787,0.31189048290252686
10.625;0.0,0.0,0.0;0.9035367965698242,0.2895294427871704,-0.024730296805500984,0.30876386165618896
10.666666666666666;0.0,0.0,0.0;0.9058990478515625,0.28322574496269226,-0.02320316806435585,0.3050670921802521
10.708333333333334;0.0,0.0,0.0;0.9083499908447266,0.276598185300827,-0.021720461547374725,0.30080434679985046
10.75;0.0,0.0,0.0;0.9108869433403015,0.2696549892425537,-0.02028362825512886,0.29598209261894226
10.791666666666666;0.0,0.0,0.0;0.9135061502456665,0.26240625977516174,-0.018894076347351074,0.2906094491481781
10.833333333333334;0.0,0.0,0.0;0.9162036776542664,0.2548639178276062,-0.01755315251648426,0.28469809889793396
10.875;0.0,0.0,0.0;0.918974757194519,0.2470419853925705,-0.016262125223875046,0.27826282382011414
10.916666666666666;0.0,0.0,0.0;0.9218141436576843,0.23895660042762756,-0.015022175386548042,0.2713213860988617
10.958333333333334;0.0,0.0,0.0;0.9247158765792847,0.23062604665756226,-0.013834367506206036,0.2638949155807495
11.0;0.0,0.0,0.0;0.92767333984375,0.22207079827785492,-0.012699626386165619,0.2560076415538788
11.041666666666666;0.0,0.0,0.0;0.930679202079773,0.21331362426280975,-0.011618727818131447,0.2476874589920044
11.083333333333334;0.0,0.0,0.0;0.9337256550788879,0.20437933504581451,-0.010592273436486721,0.23896552622318268
11.125;0.0,0.0,0.0;0.9368041157722473,0.19529490172863007,-0.009620671160519123,0.2298763245344162
11.166666666666666;0.0,0.0,0.0;0.9399057626724243,0.18608920276165009,-0.008704121224582195,0.22045762836933136
11.208333333333334;0.0,0.0,0.0;0.9430209398269653,0.17679284512996674,-0.007842598482966423,0.21075016260147095
11.25;0.0,0.0,0.0;0.9461397528648376,0.1674380600452423,-0.007035845424979925,0.20079748332500458
11.291666666666666;0.0,0.0,0.0;0.9492519497871399,0.15805822610855103,-0.006283363793045282,0.1906454861164093
11.333333333333334;0.0,0.0,0.0;0.9523470401763916,0.14868779480457306,-0.005584403406828642,0.1803421676158905
11.375;0.0,0.0,0.0;0.9554144144058228,0.13936176896095276,-0.004937975667417049,0.16993707418441772
11.416666666666666;0.0,0.0,0.0;0.9584434628486633,0.13011546432971954,-0.004342852160334587,0.15948079526424408
11.458333333333334;0.0,0.0,0.0;0.9614235758781433,0.1209840327501297,-0.003797573037445545,0.14902454614639282
11.5;0.0,0.0,0.0;0.9643445014953613,0.11200219392776489,-0.0033004768192768097,0.13861942291259766
11.541666666666666;0.0,0.0,0.0;0.9671962261199951,0.10320372134447098,-0.0028496813029050827,0.12831610441207886
11.583333333333334;0.0,0.0,0.0;0.9699690937995911,0.09462123364210129,-0.0024431580677628517,0.11816412210464478
11.625;0.0,0.0,0.0;0.9726541638374329,0.08628585189580917,-0.0020787138491868973,0.1082114428281784
11.666666666666666;0.0,0.0,0.0;0.9752428531646729,0.07822677493095398,-0.0017540492117404938,0.0985039621591568
11.708333333333334;0.0,0.0,0.0;0.9777273535728455,0.07047133892774582,-0.0014667492359876633,0.08908526599407196
11.75;0.0,0.0,0.0;0.9801004528999329,0.06304449588060379,-0.0012143515050411224,0.07999604940414429
11.791666666666666;0.0,0.0,0.0;0.9823561310768127,0.055968865752220154,-0.0009943516924977303,0.07127413153648376
11.833333333333334;0.0,0.0,0.0;0.9844883680343628,0.04926466941833496,-0.0008042342960834503,0.0629539042711258
11.875;0.0,0.0,0.0;0.9864925742149353,0.04294963181018829,-0.0006414735689759254,0.055066704750061035
11.916666666666666;0.0,0.0,0.0;0.9883646368980408,0.0370388925075531,-0.0005036117509007454,0.04764017462730408
11.958333333333334;0.0,0.0,0.0;0.9901010990142822,0.03154534101486206,-0.0003882311284542084,0.04069876670837402
12.0;0.0,0.0,0.0;0.9916995763778687,0.026479318737983704,-0.00029296986758708954,0.034263432025909424
12.041666666666666;0.0,0.0,0.0;0.9931579828262329,0.021849066019058228,-0.0002155657857656479,0.02835214138031006
12.083333333333334;0.0,0.0,0.0;0.9944748878479004,0.017660632729530334,-0.00015386007726192474,0.02297946810722351
12.125;0.0,0.0,0.0;0.9956498742103577,0.01391814649105072,-0.0001057647168636322,0.018157273530960083
12.166666666666666;0.0,0.0,0.0;0.9966824650764465,0.010623842477798462,-6.933696568012238e-05,0.013894468545913696
12.208333333333334;0.0,0.0,0.0;0.9975731372833252,0.0077784061431884766,-4.271417856216431e-05,0.010197758674621582
12.25;0.0,0.0,0.0;0.998322606086731,0.00538104772567749,-2.417527139186859e-05,0.007071077823638916
12.291666666666666;0.0,0.0,0.0;0.9989318251609802,0.003429412841796875,-1.2110918760299683e-05,0.0045166015625
12.333333333333334;0.0,0.0,0.0;0.9994023442268372,0.0019203424453735352,-4.993751645088196e-06,0.0025345683097839355
12.375;0.0,0.0,0.0;0.9997358322143555,0.0008493661880493164,-1.4491379261016846e-06,0.0011233091354370117
12.416666666666666;0.0,0.0,0.0;0.9999343156814575,0.00021126866340637207,-1.7881393432617188e-07,0.00027996301651000977
12.458333333333334;0.0,0.0,0.0;1.0,0.0,0.0,0.0
