0.0;0.0,0.0,0.0;1.0,0.0,0.0,0.0
0.041666666666666664;2.61206878349185e-06,-3.1334348022937775e-05,3.7620304094154733e-10;0.9999998211860657,1.0473300790181383e-05,4.852237907471135e-05,-4.822195478482172e-05
0.08333333333333333;1.1830066796392202e-05,-0.00012538209557533264,1.5939931596875567e-09;0.9999991059303284,4.6617802581749856e-05,0.00019442294433247298,-0.0001932191662490368
0.125;2.8660811949521303e-05,-0.0002822102978825569,3.783528157441651e-09;0.9999979734420776,9.94232832454145e-05,0.00043817239929921925,-0.0004354595148470253
0.16666666666666666;5.149102071300149e-05,-0.0005018832162022591,7.0705170607254786e-09;0.9999961256980896,0.0001770306407706812,0.0007801990141160786,-0.0007753684185445309
0.20833333333333334;7.726281182840466e-05,-0.0007844641804695129,1.1576647196420708e-08;0.9999935030937195,0.000277024315437302,0.0012208850821480155,-0.001213326002471149
0.25;0.00010940508218482137,-0.0011300165206193924,1.7419971243270993e-08;0.9999899864196777,0.0003994798462372273,0.0017605636967346072,-0.001749663264490664
0.2916666666666667;0.0001518254284746945,-0.0015385700389742851,2.4715246738082897e-08;0.9999853372573853,0.0005444598500616848,0.0023995102383196354,-0.0023846542462706566
0.3333333333333333;0.00020238006254658103,-0.0020098015666007996,3.357430955475138e-08;0.9999794960021973,0.0007120144437067211,0.0031379477586597204,-0.003118519438430667
0.375;0.00026549812173470855,-0.0025434978306293488,4.4106290175705e-08;0.9999721646308899,0.0009021779405884445,0.003976025152951479,-0.003951407968997955
0.4166666666666667;0.0003360754926688969,-0.0031402697786688805,5.64179742923443e-08;0.9999632239341736,0.0011149706551805139,0.004913832526654005,-0.004883408546447754
0.4583333333333333;0.00041411927668377757,-0.0038001732900738716,7.061402840236042e-08;0.9999523162841797,0.0013503943337127566,0.005951378028839827,-0.005914529785513878
0.5;0.0004996362258680165,-0.004523265175521374,8.679717922177588e-08;0.9999391436576843,0.0016084348317235708,0.007088597863912582,-0.007044708821922541
0.5416666666666666;0.0005926319281570613,-0.005309593863785267,1.0506852987646198e-07;0.9999234676361084,0.00188905477989465,0.00832532998174429,-0.008273784071207047
0.5833333333333334;0.0006950048846192658,-0.006158973090350628,1.2552771977425436e-07;0.9999048709869385,0.002192199695855379,0.009661330841481686,-0.009601514786481857
0.625;0.0008198720752261579,-0.007069750688970089,1.4827310224063694e-07;0.9998773336410522,0.0025177928619086742,0.011096266098320484,-0.011027563363313675
0.6666666666666666;0.0009571906994096935,-0.008043278940021992,1.7340195768156264e-07;0.9998374581336975,0.002865731716156006,0.012629682198166847,-0.012551486492156982
0.7083333333333334;0.00110343168489635,-0.009080066345632076,2.0101060727029108e-07;0.9997926950454712,0.0032358907628804445,0.014261024072766304,-0.014172726310789585
0.75;0.0012586023658514023,-0.010180157609283924,2.3119469005905557e-07;0.999739408493042,0.0036281177308410406,0.015989622101187706,-0.01589062251150608
0.7916666666666666;0.0014227081555873156,-0.011343597434461117,2.640492482441914e-07;0.9996764659881592,0.004042231477797031,0.01781468093395233,-0.01770438253879547
0.8333333333333334;0.0016016808804124594,-0.01256950106471777,2.9966878400955466e-07;0.9996028542518616,0.00447802571579814,0.01973528414964676,-0.019613096490502357
0.875;0.0018228269182145596,-0.013853621669113636,3.3814754374361655e-07;0.999517560005188,0.0049352580681443214,0.021750371903181076,-0.021615708246827126
0.9166666666666666;0.0020564584992825985,-0.015200666151940823,3.795796601480106e-07;0.9994194507598877,0.005413657985627651,0.023858752101659775,-0.023711029440164566
0.9583333333333334;0.0023010510485619307,-0.01661090925335884,4.240592943460797e-07;0.99930739402771,0.005912925116717815,0.026059091091156006,-0.02589774876832962
1.0;0.002556612016633153,-0.018084388226270676,4.7168029482236307e-07;0.9991803169250488,0.006432719063013792,0.028349893167614937,-0.028174366801977158
1.0416666666666667;0.0028345833998173475,-0.019618868827819824,5.225372774475545e-07;0.9990367889404297,0.006972664501518011,0.030729511752724648,-0.0305392537266016
1.0833333333333333;0.003186446148902178,-0.021204158663749695,5.76724801248929e-07;0.9988759160041809,0.007532359100878239,0.033196158707141876,-0.03299063444137573
1.125;0.003556465730071068,-0.022851359099149704,6.343380505313689e-07;0.9986962676048279,0.008111349307000637,0.03574785217642784,-0.035526517778635025
1.1666666666666667;0.003940584138035774,-0.0245613195002079,6.954728632990737e-07;0.9984968304634094,0.008709151297807693,0.038382451981306076,-0.03814481198787689
1.2083333333333333;0.00433880602940917,-0.026334069669246674,7.602253617733368e-07;0.9982764720916748,0.009325249120593071,0.04109767824411392,-0.04084322974085808
1.25;0.004835397005081177,-0.02814851701259613,8.2869325979118e-07;0.9980340003967285,0.009959079325199127,0.0438910648226738,-0.0436193086206913
1.2916666666666667;0.005354429129511118,-0.030023735016584396,9.009742143462063e-07;0.997768223285675,0.010610039345920086,0.04675992950797081,-0.04647042229771614
1.3333333333333333;0.0058906469494104385,-0.03196103870868683,9.771674740477465e-07;0.9974782466888428,0.011277496814727783,0.0497015118598938,-0.049393780529499054
1.375;0.00647483766078949,-0.03395114466547966,1.0573735380603466e-06;0.9971630573272705,0.01196077186614275,0.052712805569171906,-0.052386436611413956
1.4166666666666667;0.007145737763494253,-0.035982292145490646,1.1416941561037675e-06;0.9968214631080627,0.01265914086252451,0.05579061433672905,-0.05544518306851387
1.4583333333333333;0.007836870849132538,-0.038074687123298645,1.2302321010793094e-06;0.996452808380127,0.013371863402426243,0.05893167853355408,-0.05856681242585182
1.5;0.008555510081350803,-0.04022575169801712,1.323091623817163e-06;0.9960562586784363,0.014098147861659527,0.062132515013217926,-0.061747822910547256
1.5416666666666667;0.009393230080604553,-0.0424027293920517,1.4203794762579491e-06;0.9956310987472534,0.014837164431810379,0.0653894767165184,-0.06498461961746216
1.5833333333333333;0.010255803354084492,-0.04463936388492584,1.5222029787764768e-06;0.9951764941215515,0.015588057227432728,0.06869875639677048,-0.0682733952999115
1.625;0.011152450926601887,-0.046931736171245575,1.6286722939184983e-06;0.9946921467781067,0.01634993590414524,0.07205646485090256,-0.07161032408475876
1.6666666666666667;0.012173237279057503,-0.04924255982041359,1.7398990621586563e-06;0.9941776394844055,0.017121879383921623,0.07545852661132812,-0.07499133050441742
1.7083333333333333;0.013223354704678059,-0.05161111429333687,1.8559974250820233e-06;0.9936326742172241,0.017902947962284088,0.07890080660581589,-0.07841227948665619
1.75;0.014334997162222862,-0.054022014141082764,1.977083002202562e-06;0.9930568337440491,0.018692152574658394,0.08237893134355545,-0.08186887949705124
1.7916666666666667;0.015558086335659027,-0.05645160377025604,2.1032742552051786e-06;0.9924502968788147,0.01948850229382515,0.08588857203722,-0.08535678684711456
1.8333333333333333;0.016810230910778046,-0.05893892049789429,2.2346935111272614e-06;0.9918131232261658,0.020290983840823174,0.0894252210855484,-0.0888715386390686
1.875;0.018178099766373634,-0.06143757700920105,2.371464233874576e-06;0.9911456108093262,0.021098565310239792,0.09298433363437653,-0.09240862727165222
1.9166666666666667;0.019614242017269135,-0.06397299468517303,2.513712615836994e-06;0.9904478788375854,0.02191019058227539,0.09656126797199249,-0.09596342593431473
1.9583333333333333;0.02111392840743065,-0.06654559820890427,2.661569396877894e-06;0.9897205829620361,0.022724810987710953,0.100151427090168,-0.09953135251998901
2.0;0.022741781547665596,-0.06911666691303253,2.8151671358500607e-06;0.9889643788337708,0.02354135364294052,0.1037500649690628,-0.10310769081115723
2.0416666666666665;0.02440599910914898,-0.07174111902713776,2.9746422569587594e-06;0.9881800413131714,0.024358756840229034,0.10735243558883667,-0.10668777674436569
2.0833333333333335;0.026221144944429398,-0.07434234768152237,3.1401359592564404e-06;0.9873685240745544,0.025175951421260834,0.11095394194126129,-0.11026696115732193
2.125;0.028085118159651756,-0.0769885778427124,3.3117903512902558e-06;0.9865308403968811,0.025991864502429962,0.11454979330301285,-0.11384058743715286
2.1666666666666665;0.03007788024842739,-0.0796196386218071,3.489755044938647e-06;0.9856682419776917,0.026805454865098,0.11813538521528244,-0.11740394681692123
2.2083333333333335;0.03214879706501961,-0.08227302879095078,3.6741812436957844e-06;0.9847819805145264,0.027615660801529884,0.12170608341693878,-0.1209525391459465
2.25;0.03433426842093468,-0.08491585403680801,3.8652260627713986e-06;0.9838735461235046,0.02842145971953869,0.12525735795497894,-0.12448184192180634
2.2916666666666665;0.03661694377660751,-0.08756233751773834,4.063050255354028e-06;0.9829444885253906,0.029221834614872932,0.12878471612930298,-0.12798736989498138
2.3333333333333335;0.039010271430015564,-0.09019552171230316,4.2678207137214486e-06;0.9819965958595276,0.03001578524708748,0.1322837918996811,-0.13146474957466125
2.375;0.04150887951254845,-0.09282026439905167,4.479708877624944e-06;0.9810313582420349,0.03080233931541443,0.13575021922588348,-0.1349097341299057
2.4166666666666665;0.044123370200395584,-0.09542020410299301,4.698893008026062e-06;0.9800509214401245,0.03158055990934372,0.13917997479438782,-0.1383182257413864
2.4583333333333335;0.046841416507959366,-0.09800762683153152,4.9255540943704545e-06;0.9790570735931396,0.03234952315688133,0.142568901181221,-0.14168620109558105
2.5;0.049687717109918594,-0.10054933279752731,5.159882221050793e-06;0.9780518412590027,0.03310834616422653,0.14591312408447266,-0.14500969648361206
2.5416666666666665;0.0526268370449543,-0.10308440774679184,5.402073838922661e-06;0.9770373702049255,0.03385615348815918,0.14920884370803833,-0.14828500151634216
2.5833333333333335;0.05571286380290985,-0.10554178059101105,5.6523304010625e-06;0.9760158061981201,0.0345921628177166,0.1524524986743927,-0.1515086144208908
2.625;0.0588749460875988,-0.10800764709711075,5.91086200074642e-06;0.9749892354011536,0.03531554713845253,0.15564054250717163,-0.1546769142150879
2.6666666666666665;0.062205467373132706,-0.11035413295030594,6.177888280944899e-06;0.973959743976593,0.03602559119462967,0.15876981616020203,-0.1577868014574051
2.7083333333333335;0.0656186193227768,-0.11269252747297287,6.453634341596626e-06;0.9729297757148743,0.03672155365347862,0.16183704137802124,-0.16083507239818573
2.75;0.06916920840740204,-0.11494052410125732,6.738333013345255e-06;0.9719014167785645,0.03740280494093895,0.16483941674232483,-0.163818821310997
2.7916666666666665;0.07283493131399155,-0.1171211376786232,7.032230314507615e-06;0.970876932144165,0.038068678230047226,0.1677740067243576,-0.1667352318763733
2.8333333333333335;0.07660295814275742,-0.11925549060106277,7.335580448852852e-06;0.9698585271835327,0.038718581199645996,0.17063823342323303,-0.16958171129226685
2.875;0.08051896840333939,-0.12124866992235184,7.64864671509713e-06;0.9688484072685242,0.03935197368264198,0.17342963814735413,-0.17235584557056427
2.9166666666666665;0.08452875167131424,-0.12319526821374893,7.971703780640382e-06;0.967848539352417,0.039968330413103104,0.1761460304260254,-0.17505541443824768
2.9583333333333335;0.08866295218467712,-0.12502819299697876,8.30503813631367e-06;0.9668611884117126,0.040567174553871155,0.17878523468971252,-0.17767831683158875
3.0;0.09291713684797287,-0.126738041639328,8.648952643852681e-06;0.965888500213623,0.04114806652069092,0.18134526908397675,-0.18022248148918152
3.0416666666666665;0.09726837277412415,-0.12837517261505127,9.003757440950722e-06;0.9649324417114258,0.041710589081048965,0.18382441997528076,-0.18268625438213348
3.0833333333333335;0.10174402594566345,-0.1298535168170929,9.369782674184535e-06;0.9639948606491089,0.04225438833236694,0.18622104823589325,-0.1850680559873581
3.125;0.10632454603910446,-0.13120529055595398,9.747369404067285e-06;0.9630778431892395,0.04277913644909859,0.18853363394737244,-0.18736635148525238
3.1666666666666665;0.11099951714277267,-0.13245749473571777,1.0136875971511472e-05;0.9621830582618713,0.04328451305627823,0.19076091051101685,-0.1895798295736313
3.2083333333333335;0.11578434705734253,-0.13353231549263,1.0538681635807734e-05;0.9613124132156372,0.043770261108875275,0.19290170073509216,-0.1917073279619217
3.25;0.1206650659441948,-0.1344497799873352,1.0953179298667237e-05;0.9604673981666565,0.044236138463020325,0.19495485723018646,-0.19374775886535645
3.2916666666666665;0.12563210725784302,-0.13523992896080017,1.1380786418158095e-05;0.9596497416496277,0.044681936502456665,0.1969195455312729,-0.19570034742355347
3.3333333333333335;0.13068771362304688,-0.1358632743358612,1.1821938642242458e-05;0.9588609337806702,0.04510748013854027,0.19879502058029175,-0.19756418466567993
3.375;0.13582785427570343,-0.13627296686172485,1.2277098903723527e-05;0.9581024050712585,0.0455126091837883,0.20058046281337738,-0.19933855533599854
3.4166666666666665;0.14104005694389343,-0.1365291178226471,1.2746754691761453e-05;0.9573755264282227,0.04589718207716942,0.2022753357887268,-0.2010229229927063
3.4583333333333335;0.14632144570350647,-0.1366221010684967,1.3231412594905123e-05;0.9566815495491028,0.04626113176345825,0.20387928187847137,-0.20261695981025696
3.5;0.15166571736335754,-0.13649049401283264,1.373162740492262e-05;0.9560216069221497,0.04660431668162346,0.2053917497396469,-0.20412009954452515
3.5416666666666665;0.15706215798854828,-0.13614362478256226,1.4247960280044936e-05;0.9553968906402588,0.046926721930503845,0.20681263506412506,-0.20553213357925415
3.5833333333333335;0.16250568628311157,-0.13560980558395386,1.4781035133637488e-05;0.9548081159591675,0.04722824692726135,0.2081415355205536,-0.20685279369354248
3.625;0.16799017786979675,-0.13488036394119263,1.5331486793002114e-05;0.9542564749717712,0.04750891029834747,0.2093784511089325,-0.20808200538158417
3.6666666666666665;0.17350411415100098,-0.13392403721809387,1.5900015569059178e-05;0.9537428021430969,0.04776865988969803,0.21052321791648865,-0.20921969413757324
3.7083333333333335;0.17902958393096924,-0.13270658254623413,1.6487347238580696e-05;0.9532676339149475,0.048007551580667496,0.21157598495483398,-0.21026597917079926
3.75;0.18456636369228363,-0.13127365708351135,1.7094271242967807e-05;0.9528317451477051,0.0482255183160305,0.21253660321235657,-0.21122069656848907
3.7916666666666665;0.19010557234287262,-0.12961843609809875,1.7721626136335544e-05;0.9524356722831726,0.04842265695333481,0.21340541541576385,-0.2120841145515442
3.8333333333333335;0.19563733041286469,-0.12773436307907104,1.8370306861470453e-05;0.9520799517631531,0.04859894514083862,0.21418239176273346,-0.21285633742809296
3.875;0.2011483609676361,-0.12560898065567017,1.9041273844777606e-05;0.9517651200294495,0.04875447228550911,0.21486784517765045,-0.21353742480278015
3.9166666666666665;0.2066071778535843,-0.12319613248109818,1.9735569367185235e-05;0.951491117477417,0.04888927936553955,0.2154618799686432,-0.2141278237104416
3.9583333333333335;0.21202079951763153,-0.12054292112588882,2.0454308469197713e-05;0.9512585401535034,0.049003396183252335,0.21596480906009674,-0.2146276980638504
4.0;0.21737715601921082,-0.11764556914567947,2.11987025977578e-05;0.9510675072669983,0.04909693822264671,0.21637703478336334,-0.21503734588623047
4.041666666666667;0.22266338765621185,-0.11450069397687912,2.1970063244225457e-05;0.9509181380271912,0.049169935286045074,0.2166988104581833,-0.21535705029964447
4.083333333333333;0.2278660386800766,-0.11110527813434601,2.2769807401346043e-05;0.950810432434082,0.049212489277124405,0.21693041920661926,-0.215587317943573
4.125;0.2329707145690918,-0.10745733976364136,2.35994957620278e-05;0.9507512450218201,0.04923626780509949,0.2170722782611847,-0.2157282829284668
4.166666666666667;0.23796100914478302,-0.10355351865291595,2.446081089146901e-05;0.9507347345352173,0.049241770058870316,0.21714670956134796,-0.2156989723443985
4.208333333333333;0.24280746281147003,-0.09937866032123566,2.5355619072797708e-05;0.9507963061332703,0.04915870353579521,0.21714505553245544,-0.21541708707809448
4.25;0.24750705063343048,-0.09495135396718979,2.628596303111408e-05;0.9509294033050537,0.04900498688220978,0.21713081002235413,-0.2148807942867279
4.291666666666667;0.2520488500595093,-0.09027829021215439,2.7254101951257326e-05;0.9511340260505676,0.04878009855747223,0.21709616482257843,-0.2140883207321167
4.333333333333333;0.25641798973083496,-0.08536297082901001,2.8262551495572552e-05;0.9514100551605225,0.04848357290029526,0.21698665618896484,-0.21303781867027283
4.375;0.2605994939804077,-0.08020969480276108,2.9314107450773008e-05;0.95175701379776,0.048114877194166183,0.21683001518249512,-0.21172744035720825
4.416666666666667;0.2645778954029083,-0.07482341676950455,3.0411893021664582e-05;0.9521740078926086,0.04767348989844322,0.2166256308555603,-0.21015523374080658
4.458333333333333;0.2683371305465698,-0.06920986622571945,3.1559447961626574e-05;0.9526603817939758,0.04715890809893608,0.2163730412721634,-0.2083193063735962
4.5;0.2718616724014282,-0.06337625533342361,3.276075221947394e-05;0.9532148838043213,0.046570632606744766,0.21607153117656708,-0.20621775090694427
4.541666666666667;0.27513688802719116,-0.05733140558004379,3.402038419153541e-05;0.9538359045982361,0.045908115804195404,0.2157202512025833,-0.20384863018989563
4.583333333333333;0.2781479060649872,-0.051084719598293304,3.5343571653356776e-05;0.954521894454956,0.04517093300819397,0.21531879901885986,-0.20121029019355774
4.625;0.28087934851646423,-0.044646523892879486,3.673637911560945e-05;0.9552705883979797,0.04435856640338898,0.21486614644527435,-0.19830070436000824
4.666666666666667;0.28331634402275085,-0.03802834078669548,3.820592610281892e-05;0.9560796618461609,0.0434705913066864,0.2143615037202835,-0.19511833786964417
4.708333333333333;0.285445898771286,-0.031243421137332916,3.976056905230507e-05;0.9569467306137085,0.04250660538673401,0.21380412578582764,-0.19166159629821777
4.75;0.2872547507286072,-0.024305518716573715,4.1410352423554286e-05;0.9578684568405151,0.041466258466243744,0.21319308876991272,-0.1879289746284485
4.791666666666667;0.2887295186519623,-0.01722951978445053,4.316743434173986e-05;0.958841860294342,0.04034922271966934,0.21252761781215668,-0.183919295668602
4.833333333333333;0.2898576557636261,-0.010031255893409252,4.50467923656106e-05;0.9598632454872131,0.03915523737668991,0.21180668473243713,-0.17963141202926636
4.875;0.2906288802623749,-0.002727782353758812,4.706727122538723e-05;0.9609286189079285,0.03788411244750023,0.21102942526340485,-0.17506445944309235
4.916666666666667;0.2910328507423401,0.004662773571908474,4.925307075609453e-05;0.9620338082313538,0.03653574362397194,0.21019499003887177,-0.17021797597408295
4.958333333333333;0.2910592555999756,0.012121792882680893,5.1636205171234906e-05;0.9631742835044861,0.03511012718081474,0.20930252969264984,-0.16509166359901428
5.0;0.2906993627548218,0.01962948404252529,5.4260621254798025e-05;0.96434485912323,0.03360728919506073,0.20835094153881073,-0.15968544781208038
5.041666666666667;0.2899467647075653,0.02716529741883278,5.7189416111214086e-05;0.9655406475067139,0.032027456909418106,0.20733964443206787,-0.15400001406669617
5.083333333333333;0.28879514336586,0.03470808267593384,6.051913442206569e-05;0.966755747795105,0.03037089668214321,0.2062675952911377,-0.14803600311279297
5.125;0.287238210439682,0.0422358401119709,6.441163714043796e-05;0.9679844975471497,0.02863808162510395,0.20513422787189484,-0.14179500937461853
5.166666666666667;0.28527265787124634,0.04972584918141365,6.918016879353672e-05;0.9692206978797913,0.02682957611978054,0.2039387822151184,-0.13527877628803253
5.208333333333333;0.2828967273235321,0.05715537443757057,7.562063547084108e-05;0.9704579710960388,0.02494611032307148,0.20268063247203827,-0.12848974764347076
5.25;0.2801051437854767,0.06449899077415466,8.946878369897604e-05;0.9716895222663879,0.022988593205809593,0.20135927200317383,-0.12143093347549438
5.291666666666667;0.27688077092170715,0.07172396779060364,0.00017779572226572782;0.9729084968566895,0.020958099514245987,0.1999741643667221,-0.1141059547662735
5.333333333333333;0.27323561906814575,0.0788072794675827,0.00030686354148201644;0.9741077423095703,0.01885589398443699,0.19852513074874878,-0.1065191850066185
5.375;0.2691841125488281,0.08572869002819061,0.0004790234088432044;0.9752799868583679,0.01668345369398594,0.1970120072364807,-0.09867565333843231
5.416666666666667;0.2647308111190796,0.0924629420042038,0.0006976553704589605;0.9764179587364197,0.01444243360310793,0.1954345703125,-0.09058111160993576
5.458333333333333;0.25988245010375977,0.09898502379655838,0.0009639578056521714;0.9775139093399048,0.01213472243398428,0.19379308819770813,-0.08224214613437653
5.5;0.2546485364437103,0.10527103394269943,0.0012760136742144823;0.9785603284835815,0.009762424975633621,0.1920878291130066,-0.07366609573364258
5.541666666666667;0.24903902411460876,0.11129672080278397,0.001631822087801993;0.9795498847961426,0.0073278737254440784,0.1903192549943924,-0.06486112624406815
5.583333333333333;0.24305236339569092,0.11702405661344528,0.002030694391578436;0.9804750084877014,0.004833612125366926,0.18848812580108643,-0.05583624914288521
5.625;0.2366901934146881,0.12241098284721375,0.002471838379278779;0.9813283681869507,0.002282444154843688,0.18659523129463196,-0.046601295471191406
5.666666666666667;0.22999484837055206,0.12746243178844452,0.00294973305426538;0.9821028113365173,-0.0003226230328436941,0.1846417486667633,-0.03716700151562691
5.708333333333333;0.22298230230808258,0.1321554183959961,0.0034619809594005346;0.982791543006897,-0.002978363772854209,0.1826290786266327,-0.02754475176334381
5.75;0.21567067503929138,0.1364687979221344,0.004006098955869675;0.9833877086639404,-0.005681303795427084,0.18055866658687592,-0.01774698682129383
5.791666666666667;0.20808012783527374,0.14038333296775818,0.004579528234899044;0.9838852882385254,-0.008427786640822887,0.17843244969844818,-0.007786701433360577
5.833333333333333;0.20020999014377594,0.14382752776145935,0.005181925371289253;0.9842783808708191,-0.011213937774300575,0.17625252902507782,0.0023222402669489384
5.875;0.19210243225097656,0.14681550860404968,0.005808293353766203;0.9845616817474365,-0.014035719446837902,0.17402121424674988,0.01256528589874506
5.916666666666667;0.18378841876983643,0.14934560656547546,0.006455089431256056;0.9847304821014404,-0.016888877376914024,0.17174100875854492,0.02292724885046482
5.958333333333333;0.1752929985523224,0.1514025628566742,0.007119402755051851;0.9847806692123413,-0.019769059494137764,0.16941478848457336,0.03339241072535515
6.0;0.16663974523544312,0.15295478701591492,0.007798454724252224;0.9847084283828735,-0.02267172560095787,0.16704559326171875,0.04394441843032837
6.041666666666667;0.15785373747348785,0.15394186973571777,0.008489314466714859;0.9845113158226013,-0.025592252612113953,0.16463670134544373,0.054566554725170135
6.083333333333333;0.14897556602954865,0.1544134020805359,0.009187599644064903;0.9841868877410889,-0.0285259410738945,0.16219165921211243,0.06524183601140976
6.125;0.1400352269411087,0.15436100959777832,0.00988998543471098;0.9837338924407959,-0.03146800026297569,0.15971404314041138,0.07595281302928925
6.166666666666667;0.1310642659664154,0.15376368165016174,0.01059292908757925;0.9831519722938538,-0.03441360592842102,0.15720783174037933,0.08668210357427597
6.208333333333333;0.12210444360971451,0.15255606174468994,0.011291640810668468;0.9824410676956177,-0.03735792264342308,0.15467692911624908,0.09741199761629105
6.25;0.11318472772836685,0.15080499649047852,0.011983059346675873;0.9816022515296936,-0.040296148508787155,0.15212562680244446,0.1081249788403511
6.291666666666667;0.10433722287416458,0.1485118567943573,0.012663569301366806;0.9806374311447144,-0.04322350025177002,0.1495581567287445,0.11880368739366531
6.333333333333333;0.09560990333557129,0.14563316106796265,0.013327549211680889;0.9795491099357605,-0.04613526165485382,0.14697889983654022,0.12943072617053986
6.375;0.08704522252082825,0.1421675980091095,0.013970104046165943;0.9783405661582947,-0.04902682825922966,0.14439234137535095,0.13998940587043762
6.416666666666667;0.07866069674491882,0.1381697952747345,0.014589161612093449;0.9770159125328064,-0.0518936887383461,0.14180292189121246,0.1504630148410797
6.458333333333333;0.0704968273639679,0.13363613188266754,0.015179750509560108;0.9755796194076538,-0.054731495678424835,0.1392151564359665,0.16083547472953796
6.5;0.06263159960508347,0.12851090729236603,0.0157322995364666;0.9740372896194458,-0.0575360469520092,0.1366334855556488,0.17109142243862152
6.541666666666667;0.055055491626262665,0.12288535386323929,0.016247665509581566;0.9723947644233704,-0.060303281992673874,0.1340624839067459,0.18121588230133057
6.583333333333333;0.047803815454244614,0.11677101999521255,0.016721012070775032;0.9706584811210632,-0.06302943825721741,0.13150648772716522,0.19119492173194885
6.625;0.040975987911224365,0.110117107629776,0.017139406874775887;0.9688353538513184,-0.06571085005998611,0.12896980345249176,0.2010146826505661
6.666666666666667;0.034544192254543304,0.10301586240530014,0.01750558242201805;0.9669327735900879,-0.0683441311120987,0.12645672261714935,0.21066288650035858
6.708333333333333;0.028538748621940613,0.09548921138048172,0.017814623191952705;0.9649583101272583,-0.07092610746622086,0.12397126108407974,0.2201274186372757
6.75;0.023076875135302544,0.08750256150960922,0.018050070852041245;0.9629200100898743,-0.07345381379127502,0.12151741236448288,0.22939740121364594
6.791666666666667;0.018210140988230705,0.0790921151638031,0.018257135525345802;0.9608259201049805,-0.07592461258172989,0.11909901350736618,0.23846277594566345
6.833333333333333;0.014160600490868092,0.07021180540323257,0.018526557832956314;0.9586844444274902,-0.07833598554134369,0.11671959608793259,0.2473139613866806
6.875;0.01091247983276844,0.060962021350860596,0.018905241042375565;0.9565038681030273,-0.08068571984767914,0.11438275128602982,0.2559428811073303
6.916666666666667;0.00828904565423727,0.051475174725055695,0.019394323229789734;0.9542928338050842,-0.08297184854745865,0.11209165304899216,0.26434168219566345
6.958333333333333;0.006043038796633482,0.04185028746724129,0.019923130050301552;0.9520593881607056,-0.08519255369901657,0.10984937101602554,0.27250370383262634
7.0;0.004102311562746763,0.03211647644639015,0.020459670573472977;0.949812114238739,-0.0873463824391365,0.10765885561704636,0.2804231643676758
7.041666666666667;0.0024732474703341722,0.022281566634774208,0.020980104804039;0.9475591778755188,-0.08943192660808563,0.10552268475294113,0.2880946397781372
7.083333333333333;0.0012474895920604467,0.01234352309256792,0.02144632674753666;0.9453085660934448,-0.0914480984210968,0.1034434363245964,0.29551389813423157
7.125;0.0007160899112932384,0.0022988663986325264,0.02177058719098568;0.9430680871009827,-0.09339404106140137,0.10142338275909424,0.3026774823665619
7.166666666666667;0.0011172117665410042,-0.007793079130351543,0.021933281794190407;0.9408451914787292,-0.09526890516281128,0.09946449100971222,0.3095819354057312
7.208333333333333;0.0025139409117400646,-0.017838358879089355,0.021946927532553673;0.9386473894119263,-0.09707216918468475,0.09756875038146973,0.3162253201007843
7.25;0.004733028821647167,-0.02777867019176483,0.021952705457806587;0.9364817142486572,-0.09880346804857254,0.09573785215616226,0.3226056396961212
7.291666666666667;0.0076711964793503284,-0.03757311776280403,0.021956544369459152;0.9343546628952026,-0.10046245902776718,0.09397324919700623,0.32872167229652405
7.333333333333333;0.011262706480920315,-0.04718884453177452,0.021959366276860237;0.9322726130485535,-0.10204903036355972,0.09227637946605682,0.33457261323928833
7.375;0.015600141137838364,-0.05653514713048935,0.021961543709039688;0.9302418828010559,-0.10356325656175613,0.09064839035272598,0.34015849232673645
7.416666666666667;0.020545970648527145,-0.0656178742647171,0.021963266655802727;0.9282677173614502,-0.10500513762235641,0.0890902578830719,0.34547919034957886
7.458333333333333;0.026204869151115417,-0.0743192508816719,0.021964650601148605;0.9263559579849243,-0.10637485235929489,0.0876028835773468,0.3505350947380066
7.5;0.032448891550302505,-0.08265753835439682,0.02196577377617359;0.9245112538337708,-0.10767273604869843,0.08618708699941635,0.35532715916633606
7.541666666666667;0.03932781517505646,-0.09052909910678864,0.021966684609651566;0.9227381944656372,-0.10889916867017746,0.08484339714050293,0.3598566949367523
7.583333333333333;0.04676150903105736,-0.09793155640363693,0.02196742780506611;0.9210411310195923,-0.11005453765392303,0.08357230573892593,0.3641248047351837
7.625;0.05474777892231941,-0.10478855669498444,0.02196802757680416;0.9194241166114807,-0.11113927513360977,0.08237428218126297,0.3681328594684601
7.666666666666667;0.06323343515396118,-0.11107821017503738,0.021968510001897812;0.9178906679153442,-0.11215392500162125,0.08124950528144836,0.37188300490379333
7.708333333333333;0.07218325883150101,-0.1167520061135292,0.021968891844153404;0.9164437651634216,-0.11309903115034103,0.08019819855690002,0.37537676095962524
7.75;0.08155664801597595,-0.12177101522684097,0.02196919359266758;0.9150868058204651,-0.11397510766983032,0.07922051101922989,0.3786159157752991
7.791666666666667;0.0912984311580658,-0.12611374258995056,0.021969424560666084;0.9138219356536865,-0.11478285491466522,0.07831645011901855,0.3816031515598297
7.833333333333333;0.10136962682008743,-0.12972983717918396,0.021969599649310112;0.912651777267456,-0.11552277952432632,0.07748601585626602,0.3843398988246918
7.875;0.11170703172683716,-0.13261643052101135,0.02196972258388996;0.911578357219696,-0.116195447742939,0.07672908157110214,0.3868284225463867
7.916666666666667;0.1222648099064827,-0.13472723960876465,0.021969806402921677;0.9106032252311707,-0.11680158972740173,0.07604548335075378,0.3890710473060608
7.958333333333333;0.13298028707504272,-0.13606280088424683,0.021969862282276154;0.9097279906272888,-0.11734170466661453,0.0754350945353508,0.3910696506500244
8.0;0.14379842579364777,-0.13659703731536865,0.02196989394724369;0.9089539051055908,-0.11781634390354156,0.07489769160747528,0.39282625913619995
8.041666666666666;0.15465612709522247,-0.13632121682167053,0.021969905123114586;0.9082818627357483,-0.11822613328695297,0.07443297654390335,0.39434295892715454
8.083333333333334;0.1654961109161377,-0.13524112105369568,0.021969906985759735;0.9077126979827881,-0.11857156455516815,0.07404062896966934,0.39562156796455383
8.125;0.17625084519386292,-0.13333076238632202,0.021969910711050034;0.9072469472885132,-0.11885321885347366,0.07372047752141953,0.3966641426086426
8.166666666666666;0.18686838448047638,-0.13063648343086243,0.021969912573695183;0.9068846106529236,-0.11907147616147995,0.0734720230102539,0.39747220277786255
8.208333333333334;0.1972678154706955,-0.12710553407669067,0.021969923749566078;0.9066261053085327,-0.11922689527273178,0.07329500466585159,0.39804762601852417
8.25;0.20741911232471466,-0.1228361502289772,0.021969955414533615;0.9064713716506958,-0.1193198710680008,0.07318907231092453,0.3983917832374573
8.291666666666666;0.21721281111240387,-0.11773867160081863,0.021970011293888092;0.906472384929657,-0.1193167120218277,0.07319099456071854,0.39850616455078125
8.333333333333334;0.2266531139612198,-0.11195891350507736,0.021970093250274658;0.9064812660217285,-0.11928950250148773,0.07320442795753479,0.398459255695343
8.375;0.2356048822402954,-0.1054014340043068,0.021970218047499657;0.9065027832984924,-0.11922332644462585,0.07335644960403442,0.39831820130348206
8.416666666666666;0.24408702552318573,-0.098207026720047,0.021970393136143684;0.9066068530082703,-0.11906319111585617,0.07361043989658356,0.3980822265148163
8.458333333333334;0.25198909640312195,-0.09034103900194168,0.02197062410414219;0.9067528247833252,-0.11883805692195892,0.07396683841943741,0.3977508246898651
8.5;0.2592929005622864,-0.08188381791114807,0.021970923990011215;0.9069408178329468,-0.11854740977287292,0.0744260847568512,0.3973230719566345
8.541666666666666;0.2659500241279602,-0.07287545502185822,0.021971307694911957;0.9071706533432007,-0.11819072812795639,0.07498855143785477,0.3967985510826111
8.583333333333334;0.2718796730041504,-0.06334448605775833,0.021971790120005608;0.9074421525001526,-0.11776749789714813,0.07565457373857498,0.39617663621902466
8.625;0.27712130546569824,-0.053389206528663635,0.02197238989174366;0.9077552556991577,-0.11727716773748398,0.07642437517642975,0.3954564929008484
8.666666666666666;0.28151240944862366,-0.043004974722862244,0.021973133087158203;0.9081094861030579,-0.11671926826238632,0.07729820162057877,0.3946375250816345
8.708333333333334;0.2851506471633911,-0.032310135662555695,0.021974045783281326;0.9085044860839844,-0.11609332263469696,0.07827617228031158,0.3937191069126129
8.75;0.287922203540802,-0.021334271878004074,0.021975167095661163;0.908939778804779,-0.11539886146783829,0.07935836166143417,0.392700731754303
8.791666666666666;0.2898422181606293,-0.010156531818211079,0.021976551041007042;0.9094146490097046,-0.11463550478219986,0.08054477721452713,0.3915817439556122
8.833333333333334;0.2909156084060669,0.0011569159105420113,0.02197827398777008;0.9099284410476685,-0.11380281299352646,0.08183532953262329,0.39036160707473755
8.875;0.29104891419410706,0.01254129596054554,0.02198045141994953;0.9104803204536438,-0.11290036141872406,0.08322978019714355,0.38903966546058655
8.916666666666666;0.29034623503685,0.02392539568245411,0.021983273327350616;0.9110695123672485,-0.11192788183689117,0.08472790569067001,0.3876156508922577
8.958333333333334;0.2887040376663208,0.03523337468504906,0.021987110376358032;0.9116947054862976,-0.11088503152132034,0.08632930368185043,0.386089026927948
9.0;0.28619351983070374,0.04639893397688866,0.021992892026901245;0.9123547673225403,-0.10977153480052948,0.08803346008062363,0.3844594359397888
9.041666666666666;0.28282925486564636,0.05735955014824867,0.022006535902619362;0.9130487442016602,-0.10858722776174545,0.08983978629112244,0.3827265799045563
9.083333333333334;0.2785574197769165,0.06801773607730865,0.022097798064351082;0.9137750267982483,-0.10733198374509811,0.09174754470586777,0.3808903694152832
9.125;0.27349796891212463,0.07834412902593613,0.02226344868540764;0.9145323038101196,-0.10600567609071732,0.09375586360692978,0.3789505660533905
9.166666666666666;0.26759785413742065,0.08823411911725998,0.02252032421529293;0.9153186678886414,-0.10460831224918365,0.0958637222647667,0.3769071400165558
9.208333333333334;0.2609320878982544,0.09764016419649124,0.02287128195166588;0.9161328673362732,-0.10313987731933594,0.09806995093822479,0.3747600317001343
9.25;0.25356313586235046,0.10652626305818558,0.02330949157476425;0.916972815990448,-0.10160055756568909,0.1003732979297638,0.37250959873199463
9.291666666666666;0.24545592069625854,0.11476055532693863,0.023836864158511162;0.9178367257118225,-0.09999058395624161,0.10277225822210312,0.37015607953071594
9.333333333333334;0.23674450814723969,0.12236858904361725,0.024435237050056458;0.9187225699424744,-0.09831017255783081,0.10526517778635025,0.36769983172416687
9.375;0.22744137048721313,0.12926103174686432,0.025101862847805023;0.9196283221244812,-0.09655977785587311,0.10785029828548431,0.36514154076576233
9.416666666666666;0.21759909391403198,0.1353764832019806,0.025829089805483818;0.9205517768859863,-0.09473983943462372,0.11052558571100235,0.36248165369033813
9.458333333333334;0.20731458067893982,0.14073914289474487,0.026605119928717613;0.9214905500411987,-0.09285102784633636,0.11328894644975662,0.3597213625907898
9.5;0.1966044157743454,0.14521804451942444,0.027427170425653458;0.9224424958229065,-0.09089397639036179,0.11613798141479492,0.356861412525177
9.541666666666666;0.18557046353816986,0.1488523781299591,0.028283335268497467;0.9234052300453186,-0.08886948227882385,0.1190701276063919,0.35390305519104004
9.583333333333334;0.17427779734134674,0.15162891149520874,0.029166139662265778;0.9243760704994202,-0.08677855134010315,0.12208274751901627,0.3508478105068207
9.625;0.1627802848815918,0.15343260765075684,0.0300691369920969;0.9253526926040649,-0.08462219685316086,0.12517280876636505,0.34769710898399353
9.666666666666666;0.15117043256759644,0.154359370470047,0.030982257798314095;0.926332414150238,-0.08240164816379547,0.1283373236656189,0.344452828168869
9.708333333333334;0.13951216638088226,0.15434813499450684,0.03189830482006073;0.9273127317428589,-0.08011817932128906,0.1315729171037674,0.34111687541007996
9.75;0.12788598239421844,0.15337443351745605,0.032808300107717514;0.9282910227775574,-0.07777324318885803,0.13487616181373596,0.3376915454864502
9.791666666666666;0.11635740846395493,0.15151768922805786,0.03370514139533043;0.9292646646499634,-0.07536840438842773,0.13824328780174255,0.33417895436286926
9.833333333333334;0.10501362383365631,0.1486990749835968,0.03457891568541527;0.9302310943603516,-0.07290537655353546,0.14167055487632751,0.33058199286460876
9.875;0.09392298012971878,0.14498257637023926,0.03542185574769974;0.931187629699707,-0.07038602232933044,0.14515385031700134,0.32690325379371643
9.916666666666666;0.08314023166894913,0.14042174816131592,0.03622771054506302;0.932131826877594,-0.06781229376792908,0.14868901669979095,0.3231459856033325
9.958333333333334;0.07277917861938477,0.13494619727134705,0.036982741206884384;0.9330611824989319,-0.06518629193305969,0.15227174758911133,0.3193131685256958
10.0;0.0628691241145134,0.12867821753025055,0.0376831516623497;0.9339731931686401,-0.06251025944948196,0.15589742362499237,0.3154085576534271
10.041666666666666;0.05347040668129921,0.12164822965860367,0.03832118213176727;0.9348655343055725,-0.05978652834892273,0.15956152975559235,0.3114355802536011
10.083333333333334;0.044704828411340714,0.1138303354382515,0.03888072445988655;0.9357359409332275,-0.05701759085059166,0.16325925290584564,0.30739814043045044
10.125;0.03656277060508728,0.10535615682601929,0.039361823350191116;0.9365822672843933,-0.05420603230595589,0.16698575019836426,0.3033004403114319
10.166666666666666;0.029120320454239845,0.09624937176704407,0.03975314274430275;0.9374024868011475,-0.051354531198740005,0.17073607444763184,0.2991466224193573
10.208333333333334;0.022469697520136833,0.08654356747865677,0.04004049673676491;0.9381943941116333,-0.04846588894724846,0.17450517416000366,0.29494112730026245
10.25;0.016776341944932938,0.07625028491020203,0.04030124470591545;0.938956618309021,-0.04554297775030136,0.17828792333602905,0.2906884253025055
10.291666666666666;0.0124098751693964,0.06532679498195648,0.04068989306688309;0.9396873712539673,-0.04258875548839569,0.1820792406797409,0.286393404006958
10.333333333333334;0.008991766721010208,0.05407321825623512,0.04122532904148102;0.9403849840164185,-0.0396062508225441,0.18587391078472137,0.28206080198287964
10.375;0.006218188442289829,0.04264359921216965,0.04184611886739731;0.9410484433174133,-0.03659858554601669,0.189666748046875,0.2776956260204315
10.416666666666666;0.003923608455806971,0.031108129769563675,0.04248180240392685;0.9416764974594116,-0.03356888145208359,0.19345271587371826,0.27330300211906433
10.458333333333334;0.002111874520778656,0.01948567107319832,0.04308201000094414;0.9422682523727417,-0.03052031807601452,0.19722652435302734,0.26888805627822876
10.5;0.0009631022694520652,0.007778506260365248,0.04356880486011505;0.9428228735923767,-0.027456140145659447,0.20098315179347992,0.26445600390434265
10.541666666666666;0.0008171640220098197,-0.003986982628703117,0.043861277401447296;0.9433398246765137,-0.024379516020417213,0.20471763610839844,0.26001212000846863
10.583333333333334;0.0021392847411334515,-0.01567821577191353,0.0438784658908844;0.9438187479972839,-0.021293729543685913,0.20842501521110535,0.2555616796016693
10.625;0.004571048077195883,-0.027193449437618256,0.04388628154993057;0.9442594647407532,-0.018202001228928566,0.21210046112537384,0.25111016631126404
10.666666666666666;0.007964403368532658,-0.03846079856157303,0.04389173164963722;0.9446619153022766,-0.01510750874876976,0.2157391756772995,0.24666263163089752
10.708333333333334;0.012249277904629707,-0.04941406846046448,0.043895937502384186;0.945026159286499,-0.012013430707156658,0.21933670341968536,0.24222445487976074
10.75;0.0173649825155735,-0.060002073645591736,0.04389934614300728;0.9453527927398682,-0.008922910317778587,0.22288839519023895,0.23780080676078796
10.791666666666666;0.02336891181766987,-0.07010717689990997,0.043902188539505005;0.9456422328948975,-0.005838993936777115,0.2263902723789215,0.23339691758155823
10.833333333333334;0.030143452808260918,-0.0797036662697792,0.04390460625290871;0.9458951950073242,-0.002764696255326271,0.2298380434513092,0.22901779413223267
10.875;0.03764064610004425,-0.08874163031578064,0.043906696140766144;0.9461125135421753,0.000296985701425001,0.23322780430316925,0.22466839849948883
10.916666666666666;0.04588333144783974,-0.09709558635950089,0.043908506631851196;0.9462951421737671,0.003343255491927266,0.23655572533607483,0.22035354375839233
10.958333333333334;0.054739613085985184,-0.10478219389915466,0.04391010105609894;0.9464442729949951,0.006371298339217901,0.23981843888759613,0.21607817709445953
11.0;0.06417255103588104,-0.11173971742391586,0.04391150176525116;0.9465612173080444,0.009378436952829361,0.24301227927207947,0.2118465006351471
11.041666666666666;0.0741528570652008,-0.11786765605211258,0.043912749737501144;0.9466473460197449,0.012362128123641014,0.24613440036773682,0.20766323804855347
11.083333333333334;0.08456411957740784,-0.12321094423532486,0.043913863599300385;0.9466986656188965,0.015319867059588432,0.24918173253536224,0.20353254675865173
11.125;0.0953693613409996,-0.12768375873565674,0.04391485080122948;0.9467283487319946,0.018249331042170525,0.2521514296531677,0.19945845007896423
11.166666666666666;0.1064935177564621,-0.13125205039978027,0.04391574487090111;0.9467355012893677,0.021148253232240677,0.25504109263420105,0.19544494152069092
11.208333333333334;0.11784739792346954,-0.13396108150482178,0.043916549533605576;0.9467167854309082,0.024014484137296677,0.25784832239151,0.19149579107761383
11.25;0.12937915325164795,-0.13570192456245422,0.043917275965213776;0.9466693997383118,0.026846066117286682,0.2605709135532379,0.18761438131332397
11.291666666666666;0.14099813997745514,-0.13652807474136353,0.0439179353415966;0.9466042518615723,0.02964106760919094,0.26320692896842957,0.18380409479141235
11.333333333333334;0.15263614058494568,-0.1364612579345703,0.043918538838624954;0.9465200901031494,0.03239775076508522,0.2657548189163208,0.18006815016269684
11.375;0.16421283781528473,-0.13539934158325195,0.043919097632169724;0.946418821811676,0.03511446341872215,0.26821279525756836,0.17640942335128784
11.416666666666666;0.17565983533859253,-0.1334635317325592,0.04391960799694061;0.9463024139404297,0.037789665162563324,0.2705794870853424,0.1728307157754898
11.458333333333334;0.18690480291843414,-0.130626380443573,0.043920088559389114;0.9461726546287537,0.040421973913908005,0.27285388112068176,0.1693345159292221
11.5;0.19786295294761658,-0.12687602639198303,0.043920546770095825;0.9460314512252808,0.04301004111766815,0.27503466606140137,0.16592325270175934
11.541666666666666;0.2084939330816269,-0.12231839448213577,0.043920982629060745;0.9458807706832886,0.04555268585681915,0.27712109684944153,0.16259904205799103
11.583333333333334;0.2186957597732544,-0.11689866334199905,0.04392140731215477;0.9457222819328308,0.04804893583059311,0.2791125774383545,0.15936392545700073
11.625;0.22842828929424286,-0.11070923507213593,0.043921831995248795;0.9455578923225403,0.05049772188067436,0.2810083329677582,0.1562196910381317
11.666666666666666;0.23764945566654205,-0.10380569845438004,0.04392225295305252;0.945389449596405,0.05289818346500397,0.28280797600746155,0.1531679928302765
11.708333333333334;0.24623966217041016,-0.09615784138441086,0.04392269253730774;0.9452185034751892,0.05524957552552223,0.2845110595226288,0.15021027624607086
11.75;0.25422438979148865,-0.08790618181228638,0.04392314329743385;0.9450467228889465,0.05755121633410454,0.28611746430397034,0.1473478227853775
11.791666666666666;0.26150500774383545,-0.0790494903922081,0.04392363131046295;0.944875955581665,0.05980253219604492,0.2876272201538086,0.1445818692445755
11.833333333333334;0.2680509686470032,-0.06966178864240646,0.043924156576395035;0.944707453250885,0.06200297921895981,0.28904005885124207,0.14191332459449768
11.875;0.27386757731437683,-0.05982675403356552,0.043924737721681595;0.9445428848266602,0.06415216624736786,0.29035618901252747,0.13934308290481567
11.916666666666666;0.27882617712020874,-0.049554914236068726,0.043925393372774124;0.9443837404251099,0.06624974310398102,0.2915758192539215,0.13687188923358917
11.958333333333334;0.28300681710243225,-0.038965415209531784,0.043926138430833817;0.9442312717437744,0.0682954266667366,0.2926991879940033,0.1345004141330719
12.0;0.2863175570964813,-0.02809412032365799,0.04392700269818306;0.9440866708755493,0.07028903812170029,0.2937266230583191,0.13222892582416534
12.041666666666666;0.2887658476829529,-0.017020106315612793,0.04392802342772484;0.943951427936554,0.07223033905029297,0.2946583032608032,0.13005802035331726
12.083333333333334;0.29037749767303467,-0.00581479724496603,0.04392925277352333;0.9438263773918152,0.07411935180425644,0.2954949736595154,0.127987802028656
12.125;0.29105255007743835,0.005462633911520243,0.04393075406551361;0.9437127709388733,0.07595592737197876,0.29623690247535706,0.12601861357688904
12.166666666666666;0.29091304540634155,0.016734905540943146,0.04393267631530762;0.9436115026473999,0.0777401402592659,0.2968846261501312,0.12415038049221039
12.208333333333334;0.2898518443107605,0.027935396879911423,0.043935246765613556;0.9435237050056458,0.07947201281785965,0.29743871092796326,0.12238308042287827
12.25;0.28796499967575073,0.039000436663627625,0.04393909499049187;0.943449854850769,0.08115164190530777,0.2978997826576233,0.12071666121482849
12.291666666666666;0.28523439168930054,0.04986405745148659,0.04394809156656265;0.9433910250663757,0.082779161632061,0.2982684373855591,0.1191510558128357
12.333333333333334;0.28166937828063965,0.06045462563633919,0.04399419203400612;0.9433560967445374,0.0843547135591507,0.29854530096054077,0.1176859438419342
12.375;0.2773527204990387,0.07073494046926498,0.044097546488046646;0.9433317184448242,0.08587852865457535,0.2987309396266937,0.11632100492715836
12.416666666666666;0.27221977710723877,0.08060065656900406,0.04428263381123543;0.9433202743530273,0.08735081553459167,0.2988261580467224,0.11505600064992905
12.458333333333334;0.2664240896701813,0.0900590643286705,0.04454340413212776;0.9433176517486572,0.0887717604637146,0.29883161187171936,0.11389051377773285
12.5;0.2598840892314911,0.09898295253515244,0.04489835724234581;0.9433656930923462,0.09016744047403336,0.2986801564693451,0.11278898268938065
12.541666666666666;0.252750426530838,0.1073978990316391,0.045328326523303986;0.9434778690338135,0.09156377613544464,0.2983039915561676,0.11171617358922958
12.583333333333334;0.2449948489665985,0.11519946902990341,0.04583488777279854;0.943654477596283,0.09296079725027084,0.29770171642303467,0.11067203432321548
12.625;0.2367149293422699,0.12239168584346771,0.046404577791690826;0.9438955783843994,0.09435857832431793,0.29687219858169556,0.10965652018785477
12.666666666666666;0.22793574631214142,0.1289127916097641,0.04703330993652344;0.9442009925842285,0.0957571268081665,0.2958142161369324,0.10866958647966385
12.708333333333334;0.21872246265411377,0.1347401738166809,0.0477123036980629;0.9445702433586121,0.09715653210878372,0.2945266664028168,0.10771114379167557
12.75;0.20913076400756836,0.13985443115234375,0.048434462398290634;0.9450030326843262,0.09855658560991287,0.2930079698562622,0.1067810133099556
12.791666666666666;0.1992107480764389,0.14421290159225464,0.04919346049427986;0.9454984664916992,0.09995735436677933,0.2912573218345642,0.10587918013334274
12.833333333333334;0.18903233110904694,0.1478295624256134,0.04998103156685829;0.9460557103157043,0.10135864466428757,0.2892730236053467,0.10500536859035492
12.875;0.17864055931568146,0.15065059065818787,0.05079179257154465;0.9466737508773804,0.10276039689779282,0.28705424070358276,0.10415954142808914
12.916666666666666;0.16810579597949982,0.1527169644832611,0.0516178198158741;0.9473510384559631,0.10416233539581299,0.284599632024765,0.10334140062332153
12.958333333333334;0.15747837722301483,0.15396958589553833,0.05245332792401314;0.9480862617492676,0.10556428134441376,0.2819080948829651,0.10255078226327896
13.0;0.14682194590568542,0.1544664204120636,0.053291432559490204;0.9488776326179504,0.10696597397327423,0.2789786159992218,0.10178744792938232
13.041666666666666;0.13619312644004822,0.15415656566619873,0.05412574112415314;0.9497231245040894,0.10836704820394516,0.2758103013038635,0.10105112195014954
13.083333333333334;0.12564608454704285,0.15309828519821167,0.054950397461652756;0.950620710849762,0.10976719111204147,0.272402286529541,0.10034153610467911
13.125;0.11523962020874023,0.15126660466194153,0.0557587668299675;0.9515680074691772,0.11116600036621094,0.2687539756298065,0.09965840727090836
13.166666666666666;0.10502365231513977,0.14870184659957886,0.05654539540410042;0.9525622725486755,0.11256301403045654,0.264864981174469,0.09900139272212982
13.208333333333334;0.09505198150873184,0.1454179883003235,0.057304058223962784;0.9536007642745972,0.1139577180147171,0.2607347369194031,0.09837011992931366
13.25;0.08537706732749939,0.14142799377441406,0.05802873522043228;0.9546804428100586,0.11534950882196426,0.25636330246925354,0.09776419401168823
13.291666666666666;0.07603389024734497,0.13678979873657227,0.05871523171663284;0.9557977914810181,0.11673781275749207,0.2517508566379547,0.0971832126379013
13.333333333333334;0.06709262728691101,0.13148239254951477,0.059354912489652634;0.9569493532180786,0.11812188476324081,0.24689757823944092,0.09662666916847229
13.375;0.058551814407110214,0.12561416625976562,0.059947751462459564;0.9581315517425537,0.11950109153985977,0.24180448055267334,0.09609417617321014
13.416666666666666;0.05051853507757187,0.11912257224321365,0.06048008054494858;0.9593402743339539,0.12087463587522507,0.23647253215312958,0.0955851823091507
13.458333333333334;0.04294363781809807,0.1121537983417511,0.06095718592405319;0.9605711698532104,0.12224163860082626,0.2309030443429947,0.09509912878274918
13.5;0.03595314919948578,0.1046493723988533,0.06136259064078331;0.9618200659751892,0.12360120564699173,0.22509784996509552,0.09463545680046082
13.541666666666666;0.029494252055883408,0.09672848880290985,0.06170153617858887;0.9630823135375977,0.12495245039463043,0.21905922889709473,0.09419356286525726
13.583333333333334;0.02364284358918667,0.08839647471904755,0.06196294352412224;0.9643531441688538,0.12629434466362,0.21278980374336243,0.09377279877662659
13.625;0.018509583547711372,0.07965173572301865,0.06217764690518379;0.9656275510787964,0.12762585282325745,0.20629265904426575,0.09337249398231506
13.666666666666666;0.014278422109782696,0.07048379629850388,0.062452372163534164;0.9669005870819092,0.1289459466934204,0.19957153499126434,0.09299192577600479
13.708333333333334;0.010926318354904652,0.06100236624479294,0.06283803284168243;0.9681668877601624,0.130253404378891,0.1926306188106537,0.09263037145137787
13.75;0.00825597159564495,0.05135290324687958,0.06333522498607635;0.9694213271141052,0.13154715299606323,0.1854744553565979,0.09228703379631042
13.791666666666666;0.005997469648718834,0.041643884032964706,0.06386913359165192;0.9706584215164185,0.13282592594623566,0.1781085580587387,0.09196114540100098
13.833333333333334;0.004065460525453091,0.0319085419178009,0.06440547853708267;0.9718728065490723,0.13408851623535156,0.1705387532711029,0.09165187180042267
13.875;0.002457022201269865,0.022156033664941788,0.06492064148187637;0.9730590581893921,0.13533373177051544,0.16277146339416504,0.09135831147432327
13.916666666666666;0.0012501128949224949,0.01238563098013401,0.06537938863039017;0.9742117524147034,0.13656029105186462,0.1548139452934265,0.09107962995767593
13.958333333333334;0.000711327011231333,0.002595067024230957,0.0656992644071579;0.9753254652023315,0.13776695728302002,0.14667385816574097,0.09081491827964783
14.0;0.001054693479090929,-0.0071612028405070305,0.06586314737796783;0.9763949513435364,0.13895241916179657,0.1383596658706665,0.09056323021650314
14.041666666666666;0.0023330736439675093,-0.016795538365840912,0.06588001549243927;0.9774152040481567,0.14011548459529877,0.12988027930259705,0.09032361209392548
14.083333333333334;0.004323763772845268,-0.02626710757613182,0.06588757783174515;0.9783811569213867,0.14125485718250275,0.12124533951282501,0.09009511023759842
14.125;0.006994256284087896,-0.0355236753821373,0.06589295715093613;0.9792879223823547,0.1423693597316742,0.1124650314450264,0.08987676352262497
14.166666666666666;0.010222169570624828,-0.04455215111374855,0.06589718163013458;0.9801311492919922,0.14345787465572357,0.10355027765035629,0.08966762572526932
14.208333333333334;0.013989006169140339,-0.053319863975048065,0.06590069085359573;0.9809064269065857,0.14451920986175537,0.0945122167468071,0.08946666866540909
14.25;0.018356621265411377,-0.061752744019031525,0.06590365618467331;0.9816099405288696,0.14555221796035767,0.08536287397146225,0.08927291631698608
14.291666666666666;0.023212816566228867,-0.06986064463853836,0.06590624153614044;0.982238233089447,0.1465560644865036,0.0761144608259201,0.08908538520336151
14.333333333333334;0.028529461473226547,-0.07761640846729279,0.0659085139632225;0.9827877283096313,0.1475297063589096,0.06677985936403275,0.08890313655138016
14.375;0.034354787319898605,-0.08493965119123459,0.06591053307056427;0.9832559823989868,0.14847223460674286,0.05737222358584404,0.08872517943382263
14.416666666666666;0.04058824107050896,-0.09185314923524857,0.06591233611106873;0.9836404919624329,0.14938291907310486,0.04790499433875084,0.08855056762695312
14.458333333333334;0.04719530791044235,-0.09834450483322144,0.06591397523880005;0.9839394688606262,0.15026110410690308,0.038392145186662674,0.0883784294128418
14.5;0.054183926433324814,-0.10434848070144653,0.06591545045375824;0.9841514825820923,0.15110613405704498,0.028847457841038704,0.08820780366659164
14.541666666666666;0.06150510534644127,-0.10986079275608063,0.06591679900884628;0.9842756390571594,0.15191750228405,0.019285287708044052,0.08803782612085342
14.583333333333334;0.06910335272550583,-0.11489883065223694,0.06591802835464478;0.9842735528945923,0.1526949256658554,0.009719816967844963,0.08786771446466446
14.625;0.07694946229457855,-0.11944393068552017,0.06591916084289551;0.9842591881752014,0.15343806147575378,0.00016535376198589802,0.08769657462835312
14.666666666666666;0.0850425586104393,-0.12342307716608047,0.06592018902301788;0.9841193556785583,0.15414677560329437,-0.00936385802924633,0.0875236839056015
14.708333333333334;0.09331309050321579,-0.12689074873924255,0.06592115014791489;0.9838929176330566,0.15482097864151,-0.018853653222322464,0.08734828233718872
14.75;0.10172650218009949,-0.1298477053642273,0.06592202931642532;0.9835817813873291,0.15546074509620667,-0.02829008176922798,0.08716967701911926
14.791666666666666;0.11025315523147583,-0.13228532671928406,0.06592284142971039;0.9831878542900085,0.15606629848480225,-0.03765937313437462,0.0869872123003006
14.833333333333334;0.11887332797050476,-0.13413900136947632,0.06592360138893127;0.9827137589454651,0.15663792192935944,-0.046948082745075226,0.08680029958486557
14.875;0.12753665447235107,-0.13547474145889282,0.06592429429292679;0.9821622371673584,0.15717604756355286,-0.05614311620593071,0.08660831302404404
14.916666666666666;0.1362117975950241,-0.13630130887031555,0.06592494994401932;0.9815369844436646,0.15768109261989594,-0.06523182988166809,0.08641079068183899
14.958333333333334;0.14487002789974213,-0.13662341237068176,0.06592555344104767;0.9808413982391357,0.15815365314483643,-0.07420188188552856,0.08620714396238327
15.0;0.1534786969423294,-0.13640815019607544,0.06592611968517303;0.9800797700881958,0.15859456360340118,-0.08304166048765182,0.08599705994129181
15.041666666666666;0.16200625896453857,-0.13567137718200684,0.06592665612697601;0.9792565703392029,0.15900437533855438,-0.09173974394798279,0.08578001707792282
15.083333333333334;0.1704256534576416,-0.13445797562599182,0.06592714041471481;0.9783760905265808,0.159384086728096,-0.10028553754091263,0.08555570989847183
15.125;0.17871025204658508,-0.13277828693389893,0.06592761725187302;0.9774435758590698,0.15973463654518127,-0.10866893082857132,0.08532378077507019
15.166666666666666;0.18683624267578125,-0.13064536452293396,0.06592805683612823;0.9764637351036072,0.1600569635629654,-0.11688040941953659,0.085083968937397
15.208333333333334;0.1947748363018036,-0.12806323170661926,0.06592847406864166;0.9754421710968018,0.16035211086273193,-0.12491120398044586,0.08483602106571198
15.25;0.2024906873703003,-0.12502118945121765,0.0659288763999939;0.9743837714195251,0.16062116622924805,-0.13275295495986938,0.08457966893911362
15.291666666666666;0.20997501909732819,-0.12157279998064041,0.06592924892902374;0.9732943773269653,0.16086535155773163,-0.1403980553150177,0.08431480079889297
15.333333333333334;0.21720845997333527,-0.11774111539125443,0.06592961400747299;0.9721789956092834,0.16108569502830505,-0.1478395164012909,0.08404117077589035
15.375;0.22417253255844116,-0.11354520916938782,0.06592996418476105;0.9710433483123779,0.1612834632396698,-0.15507084131240845,0.08375866711139679
15.416666666666666;0.2308509647846222,-0.1090027391910553,0.0659303069114685;0.9698927998542786,0.16145983338356018,-0.16208627820014954,0.08346716314554214
15.458333333333334;0.23722726106643677,-0.10413520783185959,0.06593064218759537;0.9687325954437256,0.16161608695983887,-0.16888085007667542,0.08316658437252045
15.5;0.2432847023010254,-0.09895884245634079,0.06593097746372223;0.9675681591033936,0.16175326704978943,-0.17544957995414734,0.08285680413246155
15.541666666666666;0.2489970177412033,-0.09348418563604355,0.0659312978386879;0.9664044976234436,0.16187284886837006,-0.18178853392601013,0.08253786712884903
15.583333333333334;0.25436243414878845,-0.08774612098932266,0.06593163311481476;0.9652467966079712,0.16197586059570312,-0.18789426982402802,0.08220962435007095
15.625;0.25937923789024353,-0.08177318423986435,0.06593196839094162;0.9640997052192688,0.16206347942352295,-0.1937636137008667,0.08187205344438553
15.666666666666666;0.2640388607978821,-0.0755886659026146,0.06593230366706848;0.9629679918289185,0.16213694214820862,-0.1993938833475113,0.08152512460947037
15.708333333333334;0.2683342397212982,-0.06921441107988358,0.06593265384435654;0.9618563055992126,0.16219738125801086,-0.20478308200836182,0.08116883039474487
15.75;0.27226030826568604,-0.0626724436879158,0.06593301147222519;0.9607688784599304,0.16225561499595642,-0.20992933213710785,0.08080314099788666
15.791666666666666;0.2758147716522217,-0.05598485469818115,0.06593339890241623;0.9597097635269165,0.1622835397720337,-0.21483154594898224,0.08042805641889572
15.833333333333334;0.2789950370788574,-0.04917403310537338,0.06593380868434906;0.9586830139160156,0.16228337585926056,-0.21948839724063873,0.08004354685544968
15.875;0.28179898858070374,-0.04226192831993103,0.06593424081802368;0.9576919078826904,0.162282794713974,-0.22389952838420868,0.07964960485696793
15.916666666666666;0.2842274010181427,-0.03527015075087547,0.0659346953034401;0.9567402005195618,0.16228152811527252,-0.2280644327402115,0.07924623787403107
15.958333333333334;0.28628289699554443,-0.02821924164891243,0.06593520194292068;0.9558310508728027,0.16227945685386658,-0.23198290169239044,0.07883337885141373
16.0;0.2879679501056671,-0.02113068476319313,0.06593575328588486;0.9549673199653625,0.16227640211582184,-0.2356553077697754,0.07841108739376068
16.041666666666668;0.28928565979003906,-0.014023098163306713,0.06593635678291321;0.9541518688201904,0.16227222979068756,-0.2390817552804947,0.07797922939062119
16.083333333333332;0.2902415990829468,-0.006917321123182774,0.06593703478574753;0.9533870220184326,0.16226685047149658,-0.242263063788414,0.0775378867983818
16.125;0.2908426523208618,0.00016837380826473236,0.06593777984380722;0.9526751041412354,0.16226018965244293,-0.24519968032836914,0.07708699256181717
16.166666666666668;0.2910957336425781,0.007217066828161478,0.06593864411115646;0.9520180225372314,0.16225218772888184,-0.24789278209209442,0.0766264945268631
16.208333333333332;0.2910078167915344,0.014210307970643044,0.06593961268663406;0.9514178037643433,0.1622428148984909,-0.25034284591674805,0.07615631073713303
16.25;0.2905884385108948,0.021132655441761017,0.0659407451748848;0.9508759379386902,0.16223207116127014,-0.25255149602890015,0.07567645609378815
16.291666666666668;0.28984788060188293,0.027967438101768494,0.06594206392765045;0.9503937363624573,0.16221995651721954,-0.2545195519924164,0.07518687099218369
16.333333333333332;0.28879624605178833,0.0347016304731369,0.06594366580247879;0.9499725699424744,0.1622064709663391,-0.2562483251094818,0.07468743622303009
16.375;0.2874436676502228,0.041321296244859695,0.06594564765691757;0.9496130347251892,0.16218893229961395,-0.2577388882637024,0.07417810708284378
16.416666666666668;0.28580209612846375,0.047813091427087784,0.06594822555780411;0.9493160843849182,0.16216522455215454,-0.2589930593967438,0.07365879416465759
16.458333333333332;0.2838841676712036,0.05416588485240936,0.06595199555158615;0.9490823745727539,0.16213952004909515,-0.26001161336898804,0.07312940806150436
16.5;0.2817021310329437,0.060369689017534256,0.06596081703901291;0.9489120841026306,0.16211697459220886,-0.2607961893081665,0.07258983701467514
16.541666666666668;0.27926838397979736,0.06641415506601334,0.06601311266422272;0.9488055109977722,0.16210170090198517,-0.26134809851646423,0.07204003632068634
16.583333333333332;0.27659574151039124,0.07229021191596985,0.06608927249908447;0.9488071799278259,0.16208866238594055,-0.26166850328445435,0.07147980481386185
16.625;0.27369776368141174,0.07799135893583298,0.06618982553482056;0.9488215446472168,0.1620633900165558,-0.2617589831352234,0.07090912014245987
16.666666666666668;0.27057552337646484,0.08350352197885513,0.06631670892238617;0.9488565325737,0.16201487183570862,-0.26168057322502136,0.07032611221075058
16.708333333333332;0.2672322392463684,0.08881155401468277,0.0664718821644783;0.9489718675613403,0.1618991494178772,-0.26149365305900574,0.06972908228635788
16.75;0.26370373368263245,0.09392105787992477,0.06665322184562683;0.9491293430328369,0.16171585023403168,-0.26119762659072876,0.06911802291870117
16.791666666666668;0.2600031793117523,0.09883033484220505,0.06685880571603775;0.9493289589881897,0.1614646464586258,-0.26079192757606506,0.06849290430545807
16.833333333333332;0.2561449706554413,0.10353611409664154,0.06708656251430511;0.9495707154273987,0.16114524006843567,-0.26027604937553406,0.06785368174314499
16.875;0.25214168429374695,0.10803737491369247,0.0673346146941185;0.9498543739318848,0.160757377743721,-0.2596495449542999,0.06720038503408432
16.916666666666668;0.2480074018239975,0.11233171820640564,0.06760101765394211;0.9501798152923584,0.1603008359670639,-0.2589121460914612,0.06653298437595367
16.958333333333332;0.24373379349708557,0.1163998693227768,0.06788633018732071;0.9505466222763062,0.15977534651756287,-0.2580634355545044,0.06585153937339783
17.0;0.23933276534080505,0.12023229897022247,0.06818901002407074;0.9509544968605042,0.15918071568012238,-0.2571030259132385,0.0651559978723526
17.041666666666668;0.23483823239803314,0.12385640293359756,0.06850478053092957;0.9514029026031494,0.1585167646408081,-0.2560305595397949,0.06444640457630157
17.083333333333332;0.23026388883590698,0.12727288901805878,0.06883198767900467;0.9518914222717285,0.1577834188938141,-0.25484609603881836,0.06372284889221191
17.125;0.2256191223859787,0.1304859220981598,0.06916936486959457;0.9524194002151489,0.15698057413101196,-0.25354936718940735,0.06298534572124481
17.166666666666668;0.2209002822637558,0.13347360491752625,0.06951718032360077;0.9529861211776733,0.15610812604427338,-0.25214022397994995,0.062233954668045044
17.208333333333332;0.2161102443933487,0.1362197995185852,0.06987495720386505;0.9535906910896301,0.15516622364521027,-0.25061890482902527,0.061468806117773056
17.25;0.21128500998020172,0.1387699544429779,0.07023857533931732;0.954232394695282,0.15415476262569427,-0.24898524582386017,0.06068992614746094
17.291666666666668;0.20643350481987,0.1411297619342804,0.07060699909925461;0.9549100995063782,0.1530739665031433,-0.2472396045923233,0.05989750102162361
17.333333333333332;0.20155878365039825,0.14329099655151367,0.07097984105348587;0.9556228518486023,0.1519240289926529,-0.24538224935531616,0.05909164622426033
17.375;0.19664756953716278,0.14520138502120972,0.0713583305478096;0.9563692808151245,0.15070514380931854,-0.2434135526418686,0.05827248468995094
17.416666666666668;0.1917400360107422,0.14693519473075867,0.07173815369606018;0.9571484327316284,0.14941765367984772,-0.24133405089378357,0.05744025111198425
17.458333333333332;0.18684227764606476,0.14850035309791565,0.07211863249540329;0.9579585790634155,0.14806197583675385,-0.23914439976215363,0.056595105677843094
17.5;0.1819465160369873,0.14985543489456177,0.07250049710273743;0.9587986469268799,0.14663854241371155,-0.23684531450271606,0.05573727563023567
17.541666666666668;0.17706450819969177,0.1510046422481537,0.07288244366645813;0.959666907787323,0.14514802396297455,-0.23443788290023804,0.054867058992385864
17.583333333333332;0.17221516370773315,0.15200424194335938,0.07326248288154602;0.9605618119239807,0.1435910165309906,-0.23192304372787476,0.053984690457582474
17.625;0.16739775240421295,0.1528397500514984,0.07364065200090408;0.9614816904067993,0.14196820557117462,-0.22930197417736053,0.05309046059846878
17.666666666666668;0.16261151432991028,0.15345340967178345,0.07401689887046814;0.9624246954917908,0.1402806043624878,-0.22657622396945953,0.05218476057052612
17.708333333333332;0.15787526965141296,0.15394029021263123,0.07438935339450836;0.9633890986442566,0.13852909207344055,-0.22374722361564636,0.05126790702342987
17.75;0.15318869054317474,0.1542859673500061,0.07475803792476654;0.9643728137016296,0.13671474158763885,-0.22081676125526428,0.050340309739112854
17.791666666666668;0.14855574071407318,0.15442374348640442,0.07512234896421432;0.9653739929199219,0.13483883440494537,-0.21778689324855804,0.049402426928281784
17.833333333333332;0.14398501813411713,0.15445828437805176,0.07548157870769501;0.9663904905319214,0.13290256261825562,-0.21465948224067688,0.04845467582345009
17.875;0.13947844505310059,0.15434733033180237,0.0758354440331459;0.9674201011657715,0.13090741634368896,-0.2114369422197342,0.04749753698706627
17.916666666666668;0.13504257798194885,0.1540716588497162,0.07618311047554016;0.9684609174728394,0.12885496020317078,-0.20812194049358368,0.04653158038854599
17.958333333333332;0.13067646324634552,0.153718501329422,0.07652495801448822;0.969510555267334,0.12674684822559357,-0.2047169804573059,0.04555733874440193
18.0;0.12639127671718597,0.15319016575813293,0.0768594816327095;0.9705669283866882,0.12458492070436478,-0.20122510194778442,0.04457540810108185
18.041666666666668;0.12218404561281204,0.15256986021995544,0.0771872028708458;0.9716276526451111,0.12237108498811722,-0.19764941930770874,0.04358641430735588
18.083333333333332;0.11805561929941177,0.15185382962226868,0.07750802487134933;0.9726905226707458,0.12010747194290161,-0.19399330019950867,0.04259101673960686
18.125;0.11402055621147156,0.150992751121521,0.07782021909952164;0.9737532734870911,0.11779621243476868,-0.19026020169258118,0.0415898859500885
18.166666666666668;0.11005840450525284,0.1500954031944275,0.07812631130218506;0.9748136401176453,0.11543966084718704,-0.18645401298999786,0.04058375954627991
18.208333333333332;0.1062040627002716,0.14902856945991516,0.07842206954956055;0.975869357585907,0.11304020881652832,-0.18257847428321838,0.03957337513566017
18.25;0.10242529213428497,0.147935152053833,0.07871144264936447;0.9769182205200195,0.11060046404600143,-0.17863793671131134,0.03855951875448227
18.291666666666668;0.09874961525201797,0.14672106504440308,0.07899109274148941;0.977958083152771,0.10812311619520187,-0.174636572599411,0.03754298761487007
18.333333333333332;0.09515944868326187,0.14545944333076477,0.07926321029663086;0.9789867401123047,0.10561098158359528,-0.17057906091213226,0.03652460500597954
18.375;0.09166595339775085,0.14411216974258423,0.07952632755041122;0.980002224445343,0.10306692123413086,-0.166470006108284,0.03550524264574051
18.416666666666668;0.08826576918363571,0.14270874857902527,0.07978100329637527;0.9810024499893188,0.10049395263195038,-0.1623142510652542,0.03448576480150223
18.458333333333332;0.08496095985174179,0.14124351739883423,0.08002695441246033;0.9819855093955994,0.09789516776800156,-0.15811675786972046,0.03346705436706543
18.5;0.08175159990787506,0.13972580432891846,0.0802641287446022;0.9829497337341309,0.09527377784252167,-0.15388280153274536,0.03245003521442413
18.541666666666668;0.07863602787256241,0.13815736770629883,0.08049270510673523;0.9838930368423462,0.09263300895690918,-0.1496174931526184,0.03143561631441116
18.583333333333332;0.07561353594064713,0.13655167818069458,0.08071280270814896;0.9848142266273499,0.08997619152069092,-0.14532631635665894,0.030424732714891434
18.625;0.07269132137298584,0.13489645719528198,0.08092357218265533;0.985711395740509,0.08730671554803848,-0.1410146951675415,0.02941831946372986
18.666666666666668;0.06985008716583252,0.13322825729846954,0.08112723380327225;0.9865834712982178,0.08462800830602646,-0.13668814301490784,0.02841731533408165
18.708333333333332;0.0671202763915062,0.13149988651275635,0.08132021129131317;0.9874290227890015,0.08194353431463242,-0.13235226273536682,0.02742268145084381
18.75;0.06445394456386566,0.1297924518585205,0.08150821924209595;0.9882470965385437,0.07925679534673691,-0.1280127316713333,0.02643534354865551
18.791666666666668;0.061916496604681015,0.1280072033405304,0.08168338984251022;0.9890365600585938,0.0765712708234787,-0.1236751601099968,0.02545623853802681
18.833333333333332;0.059432290494441986,0.12625734508037567,0.08185483515262604;0.9897966384887695,0.07389046996831894,-0.11934523284435272,0.02448628656566143
18.875;0.05706699565052986,0.1244552806019783,0.0820145457983017;0.9905266761779785,0.07121792435646057,-0.11502861976623535,0.023526422679424286
18.916666666666668;0.05477316305041313,0.12266499549150467,0.0821683257818222;0.9912259578704834,0.06855698674917221,-0.11073078215122223,0.02257751300930977
18.958333333333332;0.0525575652718544,0.12088128924369812,0.0823153406381607;0.9918943643569946,0.065911203622818,-0.10645741969347,0.021640462800860405
19.0;0.05045108497142792,0.11906439065933228,0.0824517086148262;0.9925313591957092,0.06328396499156952,-0.10221397131681442,0.020716123282909393
19.041666666666668;0.048394158482551575,0.11729022115468979,0.08258485049009323;0.9931368231773376,0.06067851558327675,-0.09800579398870468,0.01980533078312874
19.083333333333332;0.04644732177257538,0.11548908799886703,0.08270715922117233;0.9937109351158142,0.058098241686820984,-0.09383819252252579,0.018908895552158356
19.125;0.044573232531547546,0.11370507627725601,0.08282338827848434;0.9942538142204285,0.05554628744721413,-0.0897163525223732,0.01802760362625122
19.166666666666668;0.04274677485227585,0.11196136474609375,0.08293648064136505;0.9947656393051147,0.053025733679533005,-0.08564528077840805,0.017162200063467026
19.208333333333332;0.04104349762201309,0.11018802225589752,0.08303717523813248;0.9952468872070312,0.050539691001176834,-0.0816299170255661,0.016313418745994568
19.25;0.03939193859696388,0.10845308005809784,0.08313431590795517;0.9956978559494019,0.04809102043509483,-0.07767489552497864,0.015481929294764996
19.291666666666668;0.03778623789548874,0.10676373541355133,0.08322864770889282;0.9961193799972534,0.04568256437778473,-0.07378485053777695,0.014668384566903114
19.333333333333332;0.036300353705883026,0.1050519198179245,0.08331075310707092;0.9965121150016785,0.043317049741744995,-0.06996414810419083,0.013873415999114513
19.375;0.03486239165067673,0.10338477790355682,0.08338982611894608;0.9968766570091248,0.04099705070257187,-0.06621696799993515,0.013097583316266537
19.416666666666668;0.03346549719572067,0.1017652302980423,0.08346664160490036;0.9972140789031982,0.03872506320476532,-0.06254734843969345,0.012341438792645931
19.458333333333332;0.03216559439897537,0.1001511812210083,0.0835341066122055;0.9975252747535706,0.036503441631793976,-0.05895904824137688,0.011605479754507542
19.5;0.030929552391171455,0.09856748580932617,0.08359642326831818;0.9978111982345581,0.03433441370725632,-0.055455710738897324,0.010890171863138676
19.541666666666668;0.02973296493291855,0.09703433513641357,0.08365675806999207;0.9980729818344116,0.032220084220170975,-0.0520407073199749,0.01019594818353653
19.583333333333332;0.028580330312252045,0.09554824978113174,0.08371449261903763;0.9983116984367371,0.03016246110200882,-0.04871731996536255,0.009523201733827591
19.625;0.027534618973731995,0.09406367689371109,0.08376285433769226;0.9985284805297852,0.02816336788237095,-0.04548843577504158,0.00887227151542902
19.666666666666668;0.026525452733039856,0.09263099730014801,0.08380676060914993;0.9987244009971619,0.026224525645375252,-0.04235689342021942,0.00824348721653223
19.708333333333332;0.025553828105330467,0.09125161170959473,0.08385154604911804;0.9989005923271179,0.024347497150301933,-0.039325226098299026,0.0076371231116354465
19.75;0.024622445926070213,0.08992208540439606,0.08389188349246979;0.9990584850311279,0.022533874958753586,-0.03639594092965126,0.007053433917462826
19.791666666666668;0.023778466507792473,0.0886106789112091,0.0839267149567604;0.9991990923881531,0.020784949883818626,-0.03357110917568207,0.006492636166512966
19.833333333333332;0.022978639230132103,0.08734740316867828,0.08395706117153168;0.9993236660957336,0.01910196617245674,-0.030852805823087692,0.005954895634204149
19.875;0.022213205695152283,0.08613846451044083,0.08398478478193283;0.9994333386421204,0.017486056312918663,-0.028242841362953186,0.00544037576764822
19.916666666666668;0.021482013165950775,0.08498357981443405,0.08401183784008026;0.9995293021202087,0.015938207507133484,-0.02574286051094532,0.004949194844812155
19.958333333333332;0.02078653872013092,0.08388223499059677,0.08403726667165756;0.9996126294136047,0.014459377154707909,-0.02335423044860363,0.004481444135308266
20.0;0.02015211246907711,0.08281813561916351,0.08406010270118713;0.9996845126152039,0.013050307519733906,-0.02107839658856392,0.004037187900394201
20.041666666666668;0.019555266946554184,0.08180605620145798,0.08408061414957047;0.9997460246086121,0.011711740866303444,-0.018916388973593712,0.0036164727061986923
20.083333333333332;0.01899123378098011,0.08084961771965027,0.08409997075796127;0.9997984170913696,0.010444268584251404,-0.016869209706783295,0.0032193080987781286
20.125;0.01845957152545452,0.0799480676651001,0.0841183140873909;0.9998416304588318,0.009248447604477406,-0.014937745407223701,0.00284569151699543
20.166666666666668;0.01796027272939682,0.07910139113664627,0.08413498103618622;0.9998801946640015,0.008124659769237041,-0.013122675940394402,0.0024955919943749905
20.208333333333332;0.017496272921562195,0.07830754667520523,0.08414950221776962;0.9999121427536011,0.007073288317769766,-0.011424534022808075,0.0021689750719815493
20.25;0.017076803371310234,0.07756227254867554,0.08416195958852768;0.9999313354492188,0.006094606593251228,-0.00984378531575203,0.0018657606560736895
20.291666666666668;0.01669018156826496,0.07687176018953323,0.084172822535038;0.9999443292617798,0.005188827868551016,-0.00838080607354641,0.0015858799451962113
20.333333333333332;0.016333814710378647,0.07623527944087982,0.08418285101652145;0.9999561905860901,0.004356060177087784,-0.007035728543996811,0.0013292230432853103
20.375;0.01600954867899418,0.07565613836050034,0.08419234305620193;0.9999666810035706,0.0035963801201432943,-0.005808765068650246,0.0010956990299746394
20.416666666666668;0.015716055408120155,0.07513196766376495,0.08420112729072571;0.9999757409095764,0.0029098503291606903,-0.004699867218732834,0.0008851622696965933
20.458333333333332;0.015453577041625977,0.07466316968202591,0.08420903235673904;0.9999831914901733,0.0022963976953178644,-0.0037090680561959743,0.000697492971085012
20.5;0.015226377174258232,0.0742468610405922,0.0842159241437912;0.9999890327453613,0.001755950739607215,-0.00283613009378314,0.0005325458478182554
20.541666666666668;0.015032704919576645,0.07388513535261154,0.08422166854143143;0.9999934434890747,0.0012883429881185293,-0.0020808642730116844,0.00039014898356981575
20.583333333333332;0.014868833124637604,0.07357855141162872,0.08422621339559555;0.9999964237213135,0.0008933406206779182,-0.001442973967641592,0.00027015895466320217
20.625;0.014735395088791847,0.0733289048075676,0.08422961831092834;0.9999983310699463,0.0005708957905881107,-0.0009221130167134106,0.0001724043977446854
20.666666666666668;0.014631268568336964,0.07313409447669983,0.08423198759555817;0.9999993443489075,0.000320642429869622,-0.0005179218715056777,9.669493010733277e-05
20.708333333333332;0.014556633308529854,0.07299445569515228,0.08423347771167755;0.9999998211860657,0.00014228203508537263,-0.00022981499205343425,4.5278266043169424e-05
20.75;0.01451173610985279,0.07291104644536972,0.08423425257205963;0.9999999403953552,3.552472480805591e-05,-5.73402430745773e-05,1.0157546967093367e-05
20.791666666666668;0.014497370459139347,0.07288358360528946,0.08423448354005814;1.0,0.0,0.0,0.0
